patch_id,status,model_b_max_prob,model_b_mean_prob,argmax_row,argmax_col,candidate_cell_count,passed_gate,threshold,candidate_threshold,invalid_values_before_cleaning,message
ab_coarse_000001,completed,0.00009246,0.00000023,16,16,0,0,0.300000,0.300000,0,
ab_coarse_000002,completed,0.00000276,0.00000002,16,16,0,0,0.300000,0.300000,0,
ab_coarse_000003,completed,0.00061118,0.00000352,16,18,0,0,0.300000,0.300000,0,
ab_coarse_000004,completed,0.00095470,0.00000287,16,16,0,0,0.300000,0.300000,0,
ab_coarse_000005,completed,0.00028455,0.00000080,16,16,0,0,0.300000,0.300000,0,
ab_coarse_000006,completed,0.00012535,0.00000028,16,16,0,0,0.300000,0.300000,0,
ab_coarse_000007,completed,0.00004460,0.00000013,16,16,0,0,0.300000,0.300000,0,
ab_coarse_000008,completed,0.00004795,0.00000035,16,16,0,0,0.300000,0.300000,0,
ab_coarse_000009,completed,0.00011921,0.00000067,16,16,0,0,0.300000,0.300000,0,
ab_coarse_000010,completed,0.00000086,0.00000000,14,16,0,0,0.300000,0.300000,0,
ab_coarse_000011,completed,0.00000057,0.00000000,14,16,0,0,0.300000,0.300000,0,
ab_coarse_000012,completed,0.00000200,0.00000001,14,16,0,0,0.300000,0.300000,0,
ab_coarse_000013,completed,0.00000595,0.00000006,14,16,0,0,0.300000,0.300000,0,
ab_coarse_000014,completed,0.00004785,0.00000024,16,16,0,0,0.300000,0.300000,0,
ab_coarse_000015,completed,0.00013039,0.00000033,16,16,0,0,0.300000,0.300000,0,
ab_coarse_000016,completed,0.82061535,0.00185281,16,16,1,1,0.300000,0.300000,0,
ab_coarse_000017,completed,0.00317176,0.00001545,16,16,0,0,0.300000,0.300000,0,
ab_coarse_000018,completed,0.00000301,0.00000003,14,16,0,0,0.300000,0.300000,0,
ab_coarse_000019,completed,0.00000217,0.00000001,14,16,0,0,0.300000,0.300000,0,
ab_coarse_000020,completed,0.00000493,0.00000002,14,16,0,0,0.300000,0.300000,0,
ab_coarse_000021,completed,0.00000035,0.00000000,14,16,0,0,0.300000,0.300000,0,
ab_coarse_000022,completed,0.00000030,0.00000000,14,16,0,0,0.300000,0.300000,0,
ab_coarse_000023,completed,0.00000020,0.00000000,14,18,0,0,0.300000,0.300000,0,
ab_coarse_000024,completed,0.00000271,0.00000001,14,16,0,0,0.300000,0.300000,0,
ab_coarse_000025,completed,0.00001039,0.00000016,17,18,0,0,0.300000,0.300000,0,
ab_coarse_000026,completed,0.01608115,0.00003502,16,18,0,0,0.300000,0.300000,0,
ab_coarse_000027,completed,0.35787693,0.00087332,16,16,1,1,0.300000,0.300000,0,
ab_coarse_000028,completed,0.00000140,0.00000001,14,16,0,0,0.300000,0.300000,0,
ab_coarse_000029,completed,0.00000073,0.00000000,14,16,0,0,0.300000,0.300000,0,
ab_coarse_000030,completed,0.00000063,0.00000000,14,16,0,0,0.300000,0.300000,0,
ab_coarse_000031,completed,0.00000168,0.00000001,14,16,0,0,0.300000,0.300000,0,
ab_coarse_000032,completed,0.00000022,0.00000000,14,16,0,0,0.300000,0.300000,0,
ab_coarse_000033,completed,0.00000024,0.00000000,14,16,0,0,0.300000,0.300000,0,
ab_coarse_000034,completed,0.00000017,0.00000000,14,16,0,0,0.300000,0.300000,0,
ab_coarse_000035,completed,0.00000059,0.00000000,14,16,0,0,0.300000,0.300000,0,
ab_coarse_000036,completed,0.00000029,0.00000000,14,16,0,0,0.300000,0.300000,0,
ab_coarse_000037,completed,0.96775204,0.00148974,16,16,1,1,0.300000,0.300000,0,
ab_coarse_000038,completed,0.10736702,0.00037333,16,12,0,0,0.300000,0.300000,0,
ab_coarse_000039,completed,0.00000723,0.00000003,14,16,0,0,0.300000,0.300000,0,
ab_coarse_000040,completed,0.00000083,0.00000000,14,16,0,0,0.300000,0.300000,0,
ab_coarse_000041,completed,0.00000117,0.00000001,14,16,0,0,0.300000,0.300000,0,
ab_coarse_000042,completed,0.00000022,0.00000000,14,16,0,0,0.300000,0.300000,0,
ab_coarse_000043,completed,0.00000035,0.00000000,14,18,0,0,0.300000,0.300000,0,
ab_coarse_000044,completed,0.00000020,0.00000000,14,16,0,0,0.300000,0.300000,0,
ab_coarse_000045,completed,0.00000008,0.00000000,14,16,0,0,0.300000,0.300000,0,
ab_coarse_000046,completed,0.00000039,0.00000000,14,16,0,0,0.300000,0.300000,0,
ab_coarse_000047,completed,0.00000050,0.00000000,14,16,0,0,0.300000,0.300000,0,
ab_coarse_000048,completed,0.00017127,0.00000045,16,16,0,0,0.300000,0.300000,0,
ab_coarse_000049,completed,0.00478940,0.00000637,16,16,0,0,0.300000,0.300000,0,
ab_coarse_000050,completed,0.93177241,0.00200761,16,16,1,1,0.300000,0.300000,0,
ab_coarse_000051,completed,0.26174694,0.00031646,16,16,0,0,0.300000,0.300000,0,
ab_coarse_000052,completed,0.00000091,0.00000001,14,16,0,0,0.300000,0.300000,0,
ab_coarse_000053,completed,0.00000110,0.00000000,14,16,0,0,0.300000,0.300000,0,
ab_coarse_000054,completed,0.00000026,0.00000000,14,16,0,0,0.300000,0.300000,0,
ab_coarse_000055,completed,0.00000079,0.00000000,14,16,0,0,0.300000,0.300000,0,
ab_coarse_000056,completed,0.00000007,0.00000000,14,16,0,0,0.300000,0.300000,0,
ab_coarse_000057,completed,0.00000044,0.00000000,14,16,0,0,0.300000,0.300000,0,
ab_coarse_000058,completed,0.00000203,0.00000001,14,16,0,0,0.300000,0.300000,0,
ab_coarse_000059,completed,0.00000031,0.00000000,14,16,0,0,0.300000,0.300000,0,
ab_coarse_000060,completed,0.00011816,0.00000034,16,16,0,0,0.300000,0.300000,0,
ab_coarse_000061,completed,0.00030799,0.00000081,16,16,0,0,0.300000,0.300000,0,
ab_coarse_000062,completed,0.38835523,0.00041385,16,16,1,1,0.300000,0.300000,0,
ab_coarse_000063,completed,0.00004013,0.00000046,16,16,0,0,0.300000,0.300000,0,
ab_coarse_000064,completed,0.00000125,0.00000001,14,16,0,0,0.300000,0.300000,0,
ab_coarse_000065,completed,0.00000100,0.00000001,14,16,0,0,0.300000,0.300000,0,
ab_coarse_000066,completed,0.00000107,0.00000001,14,16,0,0,0.300000,0.300000,0,
ab_coarse_000067,completed,0.00000104,0.00000000,14,18,0,0,0.300000,0.300000,0,
ab_coarse_000068,completed,0.00000040,0.00000000,14,16,0,0,0.300000,0.300000,0,
ab_coarse_000069,completed,0.00000107,0.00000001,14,16,0,0,0.300000,0.300000,0,
ab_coarse_000070,completed,0.00000131,0.00000001,14,16,0,0,0.300000,0.300000,0,
ab_coarse_000071,completed,0.00000123,0.00000000,14,16,0,0,0.300000,0.300000,0,
ab_coarse_000072,completed,0.00002785,0.00000022,16,16,0,0,0.300000,0.300000,0,
ab_coarse_000073,completed,0.00027773,0.00000071,16,16,0,0,0.300000,0.300000,0,
ab_coarse_000074,completed,0.92329347,0.00124082,16,16,1,1,0.300000,0.300000,0,
ab_coarse_000075,completed,0.00000174,0.00000001,14,16,0,0,0.300000,0.300000,0,
ab_coarse_000076,completed,0.00000192,0.00000001,14,16,0,0,0.300000,0.300000,0,
ab_coarse_000077,completed,0.00000215,0.00000001,14,16,0,0,0.300000,0.300000,0,
ab_coarse_000078,completed,0.00000102,0.00000000,14,16,0,0,0.300000,0.300000,0,
ab_coarse_000079,completed,0.00000415,0.00000001,14,16,0,0,0.300000,0.300000,0,
ab_coarse_000080,completed,0.00000078,0.00000000,14,16,0,0,0.300000,0.300000,0,
ab_coarse_000081,completed,0.00000024,0.00000000,14,16,0,0,0.300000,0.300000,0,
ab_coarse_000082,completed,0.00000234,0.00000001,14,16,0,0,0.300000,0.300000,0,
ab_coarse_000083,completed,0.00000106,0.00000000,14,16,0,0,0.300000,0.300000,0,
ab_coarse_000084,completed,0.00000024,0.00000000,14,16,0,0,0.300000,0.300000,0,
ab_coarse_000085,completed,0.04679189,0.00005994,16,16,0,0,0.300000,0.300000,0,
ab_coarse_000086,completed,0.90664613,0.00103339,16,16,1,1,0.300000,0.300000,0,
ab_coarse_000087,completed,0.00039448,0.00000284,16,16,0,0,0.300000,0.300000,0,
ab_coarse_000088,completed,0.00000232,0.00000001,14,16,0,0,0.300000,0.300000,0,
ab_coarse_000089,completed,0.00000259,0.00000001,14,18,0,0,0.300000,0.300000,0,
ab_coarse_000090,completed,0.00000120,0.00000001,14,16,0,0,0.300000,0.300000,0,
ab_coarse_000091,completed,0.00000244,0.00000002,14,18,0,0,0.300000,0.300000,0,
ab_coarse_000092,completed,0.00000041,0.00000000,14,16,0,0,0.300000,0.300000,0,
ab_coarse_000093,completed,0.00000082,0.00000000,14,16,0,0,0.300000,0.300000,0,
ab_coarse_000094,completed,0.00000098,0.00000001,14,16,0,0,0.300000,0.300000,0,
ab_coarse_000095,completed,0.00000396,0.00000002,14,16,0,0,0.300000,0.300000,0,
ab_coarse_000096,completed,0.00000027,0.00000000,14,16,0,0,0.300000,0.300000,0,
ab_coarse_000097,completed,0.00028929,0.00000079,16,16,0,0,0.300000,0.300000,0,
ab_coarse_000098,completed,0.00041860,0.00000093,16,16,0,0,0.300000,0.300000,0,
ab_coarse_000099,completed,0.41449994,0.00042790,16,16,1,1,0.300000,0.300000,0,
ab_coarse_000100,completed,0.26628599,0.00029143,16,16,0,0,0.300000,0.300000,0,
ab_coarse_000101,completed,0.00090268,0.00000386,16,16,0,0,0.300000,0.300000,0,
ab_coarse_000102,completed,0.00000028,0.00000000,18,20,0,0,0.300000,0.300000,0,
ab_coarse_000103,completed,0.00000123,0.00000001,14,16,0,0,0.300000,0.300000,0,
ab_coarse_000104,completed,0.00000170,0.00000001,14,16,0,0,0.300000,0.300000,0,
ab_coarse_000105,completed,0.00000015,0.00000000,13,16,0,0,0.300000,0.300000,0,
ab_coarse_000106,completed,0.00000312,0.00000002,14,18,0,0,0.300000,0.300000,0,
ab_coarse_000107,completed,0.00000027,0.00000000,14,16,0,0,0.300000,0.300000,0,
ab_coarse_000108,completed,0.00000096,0.00000000,14,18,0,0,0.300000,0.300000,0,
ab_coarse_000109,completed,0.00000098,0.00000000,14,16,0,0,0.300000,0.300000,0,
ab_coarse_000110,completed,0.00000075,0.00000000,14,16,0,0,0.300000,0.300000,0,
ab_coarse_000111,completed,0.00022494,0.00000056,16,16,0,0,0.300000,0.300000,0,
ab_coarse_000112,completed,0.00289317,0.00000671,16,16,0,0,0.300000,0.300000,0,
ab_coarse_000113,completed,0.41926646,0.00093279,16,16,1,1,0.300000,0.300000,0,
ab_coarse_000114,completed,0.89677948,0.00182675,16,16,2,1,0.300000,0.300000,0,
ab_coarse_000115,completed,0.00056897,0.00000154,16,0,0,0,0.300000,0.300000,0,
ab_coarse_000116,completed,0.00001312,0.00000007,17,19,0,0,0.300000,0.300000,0,
ab_coarse_000117,completed,0.00000046,0.00000000,14,16,0,0,0.300000,0.300000,0,
ab_coarse_000118,completed,0.00000064,0.00000000,14,16,0,0,0.300000,0.300000,0,
ab_coarse_000119,completed,0.00000024,0.00000000,14,16,0,0,0.300000,0.300000,0,
ab_coarse_000120,completed,0.00000129,0.00000001,14,16,0,0,0.300000,0.300000,0,
ab_coarse_000121,completed,0.00000132,0.00000001,14,16,0,0,0.300000,0.300000,0,
ab_coarse_000122,completed,0.00000073,0.00000000,14,16,0,0,0.300000,0.300000,0,
ab_coarse_000123,completed,0.00000120,0.00000000,14,16,0,0,0.300000,0.300000,0,
ab_coarse_000124,completed,0.00000027,0.00000000,14,16,0,0,0.300000,0.300000,0,
ab_coarse_000125,completed,0.00050027,0.00000093,16,16,0,0,0.300000,0.300000,0,
ab_coarse_000126,completed,0.00006985,0.00000019,16,16,0,0,0.300000,0.300000,0,
ab_coarse_000127,completed,0.00334275,0.00001302,16,16,0,0,0.300000,0.300000,0,
ab_coarse_000128,completed,0.00188467,0.00000343,16,16,0,0,0.300000,0.300000,0,
ab_coarse_000129,completed,0.98516697,0.00105258,16,16,1,1,0.300000,0.300000,0,
ab_coarse_000130,completed,0.99809164,0.00137941,16,16,1,1,0.300000,0.300000,0,
ab_coarse_000131,completed,0.00000095,0.00000000,14,16,0,0,0.300000,0.300000,0,
ab_coarse_000132,completed,0.00000158,0.00000001,14,16,0,0,0.300000,0.300000,0,
ab_coarse_000133,completed,0.00000064,0.00000000,14,16,0,0,0.300000,0.300000,0,
ab_coarse_000134,completed,0.00000129,0.00000000,14,16,0,0,0.300000,0.300000,0,
ab_coarse_000135,completed,0.00001062,0.00000002,14,16,0,0,0.300000,0.300000,0,
ab_coarse_000136,completed,0.00000177,0.00000001,14,16,0,0,0.300000,0.300000,0,
ab_coarse_000137,completed,0.00000125,0.00000000,14,16,0,0,0.300000,0.300000,0,
ab_coarse_000138,completed,0.00000059,0.00000000,14,16,0,0,0.300000,0.300000,0,
ab_coarse_000139,completed,0.00000031,0.00000000,14,16,0,0,0.300000,0.300000,0,
ab_coarse_000140,completed,0.00000417,0.00000005,18,16,0,0,0.300000,0.300000,0,
ab_coarse_000141,completed,0.00030845,0.00000085,16,16,0,0,0.300000,0.300000,0,
ab_coarse_000142,completed,0.01828015,0.00002353,16,16,0,0,0.300000,0.300000,0,
ab_coarse_000143,completed,0.07939915,0.00008814,16,16,0,0,0.300000,0.300000,0,
ab_coarse_000144,completed,0.67323160,0.00114097,16,16,1,1,0.300000,0.300000,0,
ab_coarse_000145,completed,0.90372992,0.00131726,16,16,1,1,0.300000,0.300000,0,
ab_coarse_000146,completed,0.02457242,0.00021572,16,12,0,0,0.300000,0.300000,0,
ab_coarse_000147,completed,0.00000185,0.00000001,14,16,0,0,0.300000,0.300000,0,
ab_coarse_000148,completed,0.00000311,0.00000001,14,16,0,0,0.300000,0.300000,0,
ab_coarse_000149,completed,0.00000078,0.00000000,14,16,0,0,0.300000,0.300000,0,
ab_coarse_000150,completed,0.00000031,0.00000000,14,16,0,0,0.300000,0.300000,0,
ab_coarse_000151,completed,0.00000027,0.00000000,14,16,0,0,0.300000,0.300000,0,
ab_coarse_000152,completed,0.00000074,0.00000000,14,16,0,0,0.300000,0.300000,0,
ab_coarse_000153,completed,0.00000041,0.00000000,14,16,0,0,0.300000,0.300000,0,
ab_coarse_000154,completed,0.00000042,0.00000000,14,16,0,0,0.300000,0.300000,0,
ab_coarse_000155,completed,0.00000036,0.00000000,14,16,0,0,0.300000,0.300000,0,
ab_coarse_000156,completed,0.00032754,0.00000083,16,16,0,0,0.300000,0.300000,0,
ab_coarse_000157,completed,0.00013510,0.00000035,16,16,0,0,0.300000,0.300000,0,
ab_coarse_000158,completed,0.00256177,0.00000352,16,16,0,0,0.300000,0.300000,0,
ab_coarse_000159,completed,0.00118623,0.00000237,16,16,0,0,0.300000,0.300000,0,
ab_coarse_000160,completed,0.00111579,0.00000368,16,16,0,0,0.300000,0.300000,0,
ab_coarse_000161,completed,0.99304682,0.00105424,16,16,1,1,0.300000,0.300000,0,
ab_coarse_000162,completed,0.99674785,0.00114443,16,16,1,1,0.300000,0.300000,0,
ab_coarse_000163,completed,0.00378617,0.00005450,16,16,0,0,0.300000,0.300000,0,
ab_coarse_000164,completed,0.00009629,0.00000056,18,16,0,0,0.300000,0.300000,0,
ab_coarse_000165,completed,0.00000024,0.00000000,14,16,0,0,0.300000,0.300000,0,
ab_coarse_000166,completed,0.00000061,0.00000000,14,16,0,0,0.300000,0.300000,0,
ab_coarse_000167,completed,0.00000239,0.00000001,14,16,0,0,0.300000,0.300000,0,
ab_coarse_000168,completed,0.00000022,0.00000000,14,17,0,0,0.300000,0.300000,0,
ab_coarse_000169,completed,0.00000068,0.00000000,14,18,0,0,0.300000,0.300000,0,
ab_coarse_000170,completed,0.00000025,0.00000000,14,16,0,0,0.300000,0.300000,0,
ab_coarse_000171,completed,0.00000022,0.00000000,14,16,0,0,0.300000,0.300000,0,
ab_coarse_000172,completed,0.00000033,0.00000000,14,16,0,0,0.300000,0.300000,0,
ab_coarse_000173,completed,0.00028432,0.00000071,16,16,0,0,0.300000,0.300000,0,
ab_coarse_000174,completed,0.00015354,0.00000041,16,16,0,0,0.300000,0.300000,0,
ab_coarse_000175,completed,0.92450833,0.00110941,16,16,1,1,0.300000,0.300000,0,
ab_coarse_000176,completed,0.95917910,0.00147814,16,16,1,1,0.300000,0.300000,0,
ab_coarse_000177,completed,0.91653925,0.00100624,16,16,1,1,0.300000,0.300000,0,
ab_coarse_000178,completed,0.98801148,0.00122841,16,16,1,1,0.300000,0.300000,0,
ab_coarse_000179,completed,0.99635774,0.00100642,16,16,1,1,0.300000,0.300000,0,
ab_coarse_000180,completed,0.88835448,0.00256788,16,16,1,1,0.300000,0.300000,0,
ab_coarse_000181,completed,0.18731339,0.00055960,16,16,0,0,0.300000,0.300000,0,
ab_coarse_000182,completed,0.00000017,0.00000000,14,16,0,0,0.300000,0.300000,0,
ab_coarse_000183,completed,0.00000206,0.00000001,14,16,0,0,0.300000,0.300000,0,
ab_coarse_000184,completed,0.00000108,0.00000000,14,16,0,0,0.300000,0.300000,0,
ab_coarse_000185,completed,0.00000034,0.00000000,14,16,0,0,0.300000,0.300000,0,
ab_coarse_000186,completed,0.00000008,0.00000000,14,16,0,0,0.300000,0.300000,0,
ab_coarse_000187,completed,0.00000049,0.00000000,14,16,0,0,0.300000,0.300000,0,
ab_coarse_000188,completed,0.00000031,0.00000000,14,16,0,0,0.300000,0.300000,0,
ab_coarse_000189,completed,0.00000024,0.00000000,14,16,0,0,0.300000,0.300000,0,
ab_coarse_000190,completed,0.00276602,0.00000393,16,16,0,0,0.300000,0.300000,0,
ab_coarse_000191,completed,0.00006690,0.00000018,16,16,0,0,0.300000,0.300000,0,
ab_coarse_000192,completed,0.00649169,0.00001591,16,16,0,0,0.300000,0.300000,0,
ab_coarse_000193,completed,0.00056424,0.00000184,16,16,0,0,0.300000,0.300000,0,
ab_coarse_000194,completed,0.00158420,0.00000302,16,16,0,0,0.300000,0.300000,0,
ab_coarse_000195,completed,0.95583588,0.00111627,16,16,1,1,0.300000,0.300000,0,
ab_coarse_000196,completed,0.98761928,0.00103103,16,16,1,1,0.300000,0.300000,0,
ab_coarse_000197,completed,0.99606484,0.00102982,16,16,1,1,0.300000,0.300000,0,
ab_coarse_000198,completed,0.99698323,0.00099796,16,16,1,1,0.300000,0.300000,0,
ab_coarse_000199,completed,0.91920775,0.00178484,16,16,1,1,0.300000,0.300000,0,
ab_coarse_000200,completed,0.00523444,0.00002992,16,14,0,0,0.300000,0.300000,0,
ab_coarse_000201,completed,0.00000185,0.00000001,14,16,0,0,0.300000,0.300000,0,
ab_coarse_000202,completed,0.00000108,0.00000000,14,16,0,0,0.300000,0.300000,0,
ab_coarse_000203,completed,0.00000047,0.00000000,14,16,0,0,0.300000,0.300000,0,
ab_coarse_000204,completed,0.00000006,0.00000000,14,16,0,0,0.300000,0.300000,0,
ab_coarse_000205,completed,0.00000012,0.00000000,14,16,0,0,0.300000,0.300000,0,
ab_coarse_000206,completed,0.00000372,0.00000001,14,16,0,0,0.300000,0.300000,0,
ab_coarse_000207,completed,0.00000067,0.00000000,14,16,0,0,0.300000,0.300000,0,
ab_coarse_000208,completed,0.00028978,0.00000169,16,16,0,0,0.300000,0.300000,0,
ab_coarse_000209,completed,0.00003222,0.00000007,16,16,0,0,0.300000,0.300000,0,
ab_coarse_000210,completed,0.69875753,0.00081352,16,16,1,1,0.300000,0.300000,0,
ab_coarse_000211,completed,0.00019580,0.00000051,16,16,0,0,0.300000,0.300000,0,
ab_coarse_000212,completed,0.10951849,0.00014935,16,16,0,0,0.300000,0.300000,0,
ab_coarse_000213,completed,0.98935390,0.00101684,16,16,1,1,0.300000,0.300000,0,
ab_coarse_000214,completed,0.99512082,0.00116959,16,16,1,1,0.300000,0.300000,0,
ab_coarse_000215,completed,0.99765873,0.00102174,16,16,1,1,0.300000,0.300000,0,
ab_coarse_000216,completed,0.98421764,0.00173732,16,16,1,1,0.300000,0.300000,0,
ab_coarse_000217,completed,0.16006505,0.00077278,16,16,0,0,0.300000,0.300000,0,
ab_coarse_000218,completed,0.00255491,0.00001901,18,14,0,0,0.300000,0.300000,0,
ab_coarse_000219,completed,0.00014920,0.00000038,17,16,0,0,0.300000,0.300000,0,
ab_coarse_000220,completed,0.00000846,0.00000006,18,18,0,0,0.300000,0.300000,0,
ab_coarse_000221,completed,0.00000151,0.00000001,20,18,0,0,0.300000,0.300000,0,
ab_coarse_000222,completed,0.00000008,0.00000000,14,16,0,0,0.300000,0.300000,0,
ab_coarse_000223,completed,0.00045411,0.00000142,16,16,0,0,0.300000,0.300000,0,
ab_coarse_000224,completed,0.92451465,0.00351545,16,16,4,1,0.300000,0.300000,0,
ab_coarse_000225,completed,0.00000365,0.00000001,14,16,0,0,0.300000,0.300000,0,
ab_coarse_000226,completed,0.96994501,0.00172320,16,16,2,1,0.300000,0.300000,0,
ab_coarse_000227,completed,0.00040591,0.00000093,16,16,0,0,0.300000,0.300000,0,
ab_coarse_000228,completed,0.00591709,0.00002456,16,16,0,0,0.300000,0.300000,0,
ab_coarse_000229,completed,0.00111940,0.00000613,16,16,0,0,0.300000,0.300000,0,
ab_coarse_000230,completed,0.00069415,0.00000329,16,16,0,0,0.300000,0.300000,0,
ab_coarse_000231,completed,0.97068673,0.00105253,16,16,1,1,0.300000,0.300000,0,
ab_coarse_000232,completed,0.99385011,0.00124134,16,16,1,1,0.300000,0.300000,0,
ab_coarse_000233,completed,0.99735981,0.00101789,16,16,1,1,0.300000,0.300000,0,
ab_coarse_000234,completed,0.99832290,0.00099491,16,16,1,1,0.300000,0.300000,0,
ab_coarse_000235,completed,0.97262776,0.00177664,16,16,1,1,0.300000,0.300000,0,
ab_coarse_000236,completed,0.95189643,0.00293796,16,16,4,1,0.300000,0.300000,0,
ab_coarse_000237,completed,0.11379195,0.00073861,16,12,0,0,0.300000,0.300000,0,
ab_coarse_000238,completed,0.00000000,0.00000000,14,16,0,0,0.300000,0.300000,0,
ab_coarse_000239,completed,0.00000467,0.00000001,15,16,0,0,0.300000,0.300000,0,
ab_coarse_000240,completed,0.00000063,0.00000000,14,18,0,0,0.300000,0.300000,0,
ab_coarse_000241,completed,0.00000022,0.00000000,18,18,0,0,0.300000,0.300000,0,
ab_coarse_000242,completed,0.73143220,0.00164212,16,16,1,1,0.300000,0.300000,0,
ab_coarse_000243,completed,0.00000015,0.00000000,18,16,0,0,0.300000,0.300000,0,
ab_coarse_000244,completed,0.99616003,0.00120071,16,16,1,1,0.300000,0.300000,0,
ab_coarse_000245,completed,0.99644119,0.00103492,16,16,1,1,0.300000,0.300000,0,
ab_coarse_000246,completed,0.00284129,0.00001156,16,16,0,0,0.300000,0.300000,0,
ab_coarse_000247,completed,0.00640939,0.00001914,16,16,0,0,0.300000,0.300000,0,
ab_coarse_000248,completed,0.10751715,0.00041249,16,10,0,0,0.300000,0.300000,0,
ab_coarse_000249,completed,0.99165994,0.00101970,16,16,1,1,0.300000,0.300000,0,
ab_coarse_000250,completed,0.98817676,0.00102684,16,16,1,1,0.300000,0.300000,0,
ab_coarse_000251,completed,0.99788421,0.00102131,16,16,1,1,0.300000,0.300000,0,
ab_coarse_000252,completed,0.99631077,0.00100280,16,16,1,1,0.300000,0.300000,0,
ab_coarse_000253,completed,0.99539667,0.00100134,16,16,1,1,0.300000,0.300000,0,
ab_coarse_000254,completed,0.97601664,0.00133393,16,16,1,1,0.300000,0.300000,0,
ab_coarse_000255,completed,0.98682213,0.00412874,16,16,7,1,0.300000,0.300000,0,
ab_coarse_000256,completed,0.89802885,0.00203310,16,16,2,1,0.300000,0.300000,0,
ab_coarse_000257,completed,0.00000018,0.00000000,14,16,0,0,0.300000,0.300000,0,
ab_coarse_000258,completed,0.00003272,0.00000028,16,18,0,0,0.300000,0.300000,0,
ab_coarse_000259,completed,0.19190349,0.00033315,16,16,0,0,0.300000,0.300000,0,
ab_coarse_000260,completed,0.98797369,0.00120316,16,16,1,1,0.300000,0.300000,0,
ab_coarse_000261,completed,0.99599445,0.00108563,16,16,1,1,0.300000,0.300000,0,
ab_coarse_000262,completed,0.99092066,0.00214865,16,16,2,1,0.300000,0.300000,0,
ab_coarse_000263,completed,0.96809870,0.00231889,16,16,2,1,0.300000,0.300000,0,
ab_coarse_000264,completed,0.89632952,0.00222482,16,16,2,1,0.300000,0.300000,0,
ab_coarse_000265,completed,0.01248686,0.00003430,16,13,0,0,0.300000,0.300000,0,
ab_coarse_000266,completed,0.00004824,0.00000011,16,16,0,0,0.300000,0.300000,0,
ab_coarse_000267,completed,0.00217867,0.00000451,16,16,0,0,0.300000,0.300000,0,
ab_coarse_000268,completed,0.04269494,0.00005371,16,16,0,0,0.300000,0.300000,0,
ab_coarse_000269,completed,0.99353147,0.00108982,16,16,1,1,0.300000,0.300000,0,
ab_coarse_000270,completed,0.99558735,0.00103253,16,16,1,1,0.300000,0.300000,0,
ab_coarse_000271,completed,0.99428642,0.00103497,16,16,1,1,0.300000,0.300000,0,
ab_coarse_000272,completed,0.97141534,0.00116359,16,16,1,1,0.300000,0.300000,0,
ab_coarse_000273,completed,0.99643749,0.00100963,16,16,1,1,0.300000,0.300000,0,
ab_coarse_000274,completed,0.99960148,0.00110312,16,16,1,1,0.300000,0.300000,0,
ab_coarse_000275,completed,0.92063057,0.00223199,16,16,1,1,0.300000,0.300000,0,
ab_coarse_000276,completed,0.59441698,0.00106635,16,16,1,1,0.300000,0.300000,0,
ab_coarse_000277,completed,0.00896107,0.00005656,16,16,0,0,0.300000,0.300000,0,
ab_coarse_000278,completed,0.94199651,0.00156174,16,16,1,1,0.300000,0.300000,0,
ab_coarse_000279,completed,0.97870207,0.00150315,16,16,1,1,0.300000,0.300000,0,
ab_coarse_000280,completed,0.99992859,0.00098117,16,16,1,1,0.300000,0.300000,0,
ab_coarse_000281,completed,0.99054199,0.00131753,16,16,1,1,0.300000,0.300000,0,
ab_coarse_000282,completed,0.99976259,0.00098299,16,16,1,1,0.300000,0.300000,0,
ab_coarse_000283,completed,0.98100281,0.00103280,16,16,1,1,0.300000,0.300000,0,
ab_coarse_000284,completed,0.99776149,0.00099567,16,16,1,1,0.300000,0.300000,0,
ab_coarse_000285,completed,0.99904710,0.00098364,16,16,1,1,0.300000,0.300000,0,
ab_coarse_000286,completed,0.00014908,0.00000044,16,13,0,0,0.300000,0.300000,0,
ab_coarse_000287,completed,0.00034761,0.00000112,16,16,0,0,0.300000,0.300000,0,
ab_coarse_000288,completed,0.00017854,0.00000069,16,16,0,0,0.300000,0.300000,0,
ab_coarse_000289,completed,0.15411258,0.00016697,16,16,0,0,0.300000,0.300000,0,
ab_coarse_000290,completed,0.99358070,0.00104192,16,16,1,1,0.300000,0.300000,0,
ab_coarse_000291,completed,0.99667865,0.00102977,16,16,1,1,0.300000,0.300000,0,
ab_coarse_000292,completed,0.99459553,0.00104074,16,16,1,1,0.300000,0.300000,0,
ab_coarse_000293,completed,0.99786431,0.00101019,16,16,1,1,0.300000,0.300000,0,
ab_coarse_000294,completed,0.98207474,0.00107145,16,16,1,1,0.300000,0.300000,0,
ab_coarse_000295,completed,0.97684979,0.00104812,16,16,1,1,0.300000,0.300000,0,
ab_coarse_000296,completed,0.99977529,0.00098305,16,16,1,1,0.300000,0.300000,0,
ab_coarse_000297,completed,0.99894530,0.00098687,16,16,1,1,0.300000,0.300000,0,
ab_coarse_000298,completed,0.95023662,0.00350853,16,16,5,1,0.300000,0.300000,0,
ab_coarse_000299,completed,0.98919535,0.00110771,16,16,1,1,0.300000,0.300000,0,
ab_coarse_000300,completed,0.91033828,0.00140223,16,16,1,1,0.300000,0.300000,0,
ab_coarse_000301,completed,0.99435693,0.00114661,16,16,1,1,0.300000,0.300000,0,
ab_coarse_000302,completed,0.99604946,0.00115154,16,16,1,1,0.300000,0.300000,0,
ab_coarse_000303,completed,0.96766293,0.00112614,16,16,1,1,0.300000,0.300000,0,
ab_coarse_000304,completed,0.99758387,0.00100006,16,16,1,1,0.300000,0.300000,0,
ab_coarse_000305,completed,0.99778748,0.00100244,16,16,1,1,0.300000,0.300000,0,
ab_coarse_000306,completed,0.99379772,0.00099398,16,16,1,1,0.300000,0.300000,0,
ab_coarse_000307,completed,0.00026475,0.00000061,16,16,0,0,0.300000,0.300000,0,
ab_coarse_000308,completed,0.00311402,0.00000839,16,18,0,0,0.300000,0.300000,0,
ab_coarse_000309,completed,0.03849208,0.00007698,16,16,0,0,0.300000,0.300000,0,
ab_coarse_000310,completed,0.00419219,0.00002369,16,16,0,0,0.300000,0.300000,0,
ab_coarse_000311,completed,0.96972263,0.00106328,16,16,1,1,0.300000,0.300000,0,
ab_coarse_000312,completed,0.98379713,0.00101334,16,16,1,1,0.300000,0.300000,0,
ab_coarse_000313,completed,0.99175841,0.00179137,16,16,2,1,0.300000,0.300000,0,
ab_coarse_000314,completed,0.99279541,0.00105417,16,16,1,1,0.300000,0.300000,0,
ab_coarse_000315,completed,0.99522895,0.00104135,16,16,1,1,0.300000,0.300000,0,
ab_coarse_000316,completed,0.99445289,0.00101609,16,16,1,1,0.300000,0.300000,0,
ab_coarse_000317,completed,0.99703372,0.00100110,16,16,1,1,0.300000,0.300000,0,
ab_coarse_000318,completed,0.92461503,0.00106709,16,16,1,1,0.300000,0.300000,0,
ab_coarse_000319,completed,0.99591643,0.00100395,16,16,1,1,0.300000,0.300000,0,
ab_coarse_000320,completed,0.99320555,0.00102636,16,16,1,1,0.300000,0.300000,0,
ab_coarse_000321,completed,0.99897206,0.00098553,16,16,1,1,0.300000,0.300000,0,
ab_coarse_000322,completed,0.99928796,0.00101350,16,16,1,1,0.300000,0.300000,0,
ab_coarse_000323,completed,0.99827945,0.00100077,16,16,1,1,0.300000,0.300000,0,
ab_coarse_000324,completed,0.99876320,0.00098584,16,16,1,1,0.300000,0.300000,0,
ab_coarse_000325,completed,0.99295640,0.00103742,16,16,1,1,0.300000,0.300000,0,
ab_coarse_000326,completed,0.98185939,0.00113372,16,16,1,1,0.300000,0.300000,0,
ab_coarse_000327,completed,0.99549580,0.00101045,16,16,1,1,0.300000,0.300000,0,
ab_coarse_000328,completed,0.99122721,0.00101042,16,16,1,1,0.300000,0.300000,0,
ab_coarse_000329,completed,0.00217444,0.00000883,16,4,0,0,0.300000,0.300000,0,
ab_coarse_000330,completed,0.00032383,0.00000153,16,16,0,0,0.300000,0.300000,0,
ab_coarse_000331,completed,0.00170574,0.00000680,16,16,0,0,0.300000,0.300000,0,
ab_coarse_000332,completed,0.72040850,0.00132866,16,16,1,1,0.300000,0.300000,0,
ab_coarse_000333,completed,0.97510320,0.00102900,16,16,1,1,0.300000,0.300000,0,
ab_coarse_000334,completed,0.99397200,0.00105494,16,16,1,1,0.300000,0.300000,0,
ab_coarse_000335,completed,0.98760229,0.00105541,16,16,1,1,0.300000,0.300000,0,
ab_coarse_000336,completed,0.99276298,0.00101368,16,16,1,1,0.300000,0.300000,0,
ab_coarse_000337,completed,0.98492485,0.00111678,16,16,1,1,0.300000,0.300000,0,
ab_coarse_000338,completed,0.99631870,0.00098970,16,16,1,1,0.300000,0.300000,0,
ab_coarse_000339,completed,0.97359031,0.00120781,16,16,1,1,0.300000,0.300000,0,
ab_coarse_000340,completed,0.94887006,0.00149181,16,16,1,1,0.300000,0.300000,0,
ab_coarse_000341,completed,0.99928761,0.00098540,16,16,1,1,0.300000,0.300000,0,
ab_coarse_000342,completed,0.99814892,0.00105033,16,16,1,1,0.300000,0.300000,0,
ab_coarse_000343,completed,0.99957317,0.00098797,16,16,1,1,0.300000,0.300000,0,
ab_coarse_000344,completed,0.99997127,0.00097878,16,16,1,1,0.300000,0.300000,0,
ab_coarse_000345,completed,0.99912447,0.00099289,16,16,1,1,0.300000,0.300000,0,
ab_coarse_000346,completed,0.92835158,0.00135246,16,16,1,1,0.300000,0.300000,0,
ab_coarse_000347,completed,0.84466577,0.00136550,16,16,1,1,0.300000,0.300000,0,
ab_coarse_000348,completed,0.62312782,0.00146760,16,16,1,1,0.300000,0.300000,0,
ab_coarse_000349,completed,0.90399414,0.00180477,16,16,1,1,0.300000,0.300000,0,
ab_coarse_000350,completed,0.99856228,0.00100107,16,16,1,1,0.300000,0.300000,0,
ab_coarse_000351,completed,0.07561904,0.00013641,16,12,0,0,0.300000,0.300000,0,
ab_coarse_000352,completed,0.00012746,0.00000062,16,16,0,0,0.300000,0.300000,0,
ab_coarse_000353,completed,0.01474925,0.00003684,16,16,0,0,0.300000,0.300000,0,
ab_coarse_000354,completed,0.38552824,0.00051498,16,16,1,1,0.300000,0.300000,0,
ab_coarse_000355,completed,0.99120939,0.00115130,16,16,1,1,0.300000,0.300000,0,
ab_coarse_000356,completed,0.99504870,0.00101591,16,16,1,1,0.300000,0.300000,0,
ab_coarse_000357,completed,0.95354480,0.00114363,16,16,1,1,0.300000,0.300000,0,
ab_coarse_000358,completed,0.99839550,0.00099018,16,16,1,1,0.300000,0.300000,0,
ab_coarse_000359,completed,0.99215502,0.00101369,16,16,1,1,0.300000,0.300000,0,
ab_coarse_000360,completed,0.98665810,0.00108279,16,16,1,1,0.300000,0.300000,0,
ab_coarse_000361,completed,0.95404607,0.00105306,16,16,1,1,0.300000,0.300000,0,
ab_coarse_000362,completed,0.96807545,0.00112144,16,16,1,1,0.300000,0.300000,0,
ab_coarse_000363,completed,0.99769092,0.00100020,16,16,1,1,0.300000,0.300000,0,
ab_coarse_000364,completed,0.99806970,0.00100675,16,16,1,1,0.300000,0.300000,0,
ab_coarse_000365,completed,0.99990845,0.00097881,16,16,1,1,0.300000,0.300000,0,
ab_coarse_000366,completed,0.99918443,0.00099635,16,16,1,1,0.300000,0.300000,0,
ab_coarse_000367,completed,0.99913621,0.00098941,16,16,1,1,0.300000,0.300000,0,
ab_coarse_000368,completed,0.96530980,0.00104463,16,16,1,1,0.300000,0.300000,0,
ab_coarse_000369,completed,0.97236651,0.00129015,16,16,1,1,0.300000,0.300000,0,
ab_coarse_000370,completed,0.94904596,0.00106648,16,16,1,1,0.300000,0.300000,0,
ab_coarse_000371,completed,0.99307406,0.00104627,16,16,1,1,0.300000,0.300000,0,
ab_coarse_000372,completed,0.99986804,0.00098070,16,16,1,1,0.300000,0.300000,0,
ab_coarse_000373,completed,0.98350763,0.00116222,16,16,1,1,0.300000,0.300000,0,
ab_coarse_000374,completed,0.01530681,0.00007059,16,18,0,0,0.300000,0.300000,0,
ab_coarse_000375,completed,0.82036203,0.00149825,16,16,1,1,0.300000,0.300000,0,
ab_coarse_000376,completed,0.95013434,0.00117458,16,16,1,1,0.300000,0.300000,0,
ab_coarse_000377,completed,0.99625051,0.00101556,16,16,1,1,0.300000,0.300000,0,
ab_coarse_000378,completed,0.98945951,0.00101918,16,16,1,1,0.300000,0.300000,0,
ab_coarse_000379,completed,0.99902081,0.00098909,16,16,1,1,0.300000,0.300000,0,
ab_coarse_000380,completed,0.98594368,0.00124802,16,16,1,1,0.300000,0.300000,0,
ab_coarse_000381,completed,0.99737442,0.00102556,16,16,1,1,0.300000,0.300000,0,
ab_coarse_000382,completed,0.98160732,0.00114533,16,16,1,1,0.300000,0.300000,0,
ab_coarse_000383,completed,0.93869245,0.00138982,16,16,1,1,0.300000,0.300000,0,
ab_coarse_000384,completed,0.99579960,0.00098767,16,16,1,1,0.300000,0.300000,0,
ab_coarse_000385,completed,0.99965322,0.00098695,16,16,1,1,0.300000,0.300000,0,
ab_coarse_000386,completed,0.98986292,0.00101862,16,16,1,1,0.300000,0.300000,0,
ab_coarse_000387,completed,0.96091431,0.00107498,16,16,1,1,0.300000,0.300000,0,
ab_coarse_000388,completed,0.99637622,0.00101166,16,16,1,1,0.300000,0.300000,0,
ab_coarse_000389,completed,0.99504632,0.00100276,16,16,1,1,0.300000,0.300000,0,
ab_coarse_000390,completed,0.76731330,0.00122468,16,16,1,1,0.300000,0.300000,0,
ab_coarse_000391,completed,0.74942088,0.00188798,16,16,1,1,0.300000,0.300000,0,
ab_coarse_000392,completed,0.96364301,0.00104699,16,16,1,1,0.300000,0.300000,0,
ab_coarse_000393,completed,0.99342346,0.00102681,16,16,1,1,0.300000,0.300000,0,
ab_coarse_000394,completed,0.98959959,0.00105622,16,16,1,1,0.300000,0.300000,0,
ab_coarse_000395,completed,0.00023824,0.00000053,16,16,0,0,0.300000,0.300000,0,
ab_coarse_000396,completed,0.00017910,0.00000043,16,16,0,0,0.300000,0.300000,0,
ab_coarse_000397,completed,0.95134974,0.00142905,16,16,1,1,0.300000,0.300000,0,
ab_coarse_000398,completed,0.98799193,0.00105715,16,16,1,1,0.300000,0.300000,0,
ab_coarse_000399,completed,0.99674499,0.00102798,16,16,1,1,0.300000,0.300000,0,
ab_coarse_000400,completed,0.98848629,0.00124910,16,16,1,1,0.300000,0.300000,0,
ab_coarse_000401,completed,0.96199632,0.00116233,16,16,1,1,0.300000,0.300000,0,
ab_coarse_000402,completed,0.98377752,0.00153589,16,16,2,1,0.300000,0.300000,0,
ab_coarse_000403,completed,0.95541751,0.00132341,16,16,1,1,0.300000,0.300000,0,
ab_coarse_000404,completed,0.93552232,0.00129053,16,16,1,1,0.300000,0.300000,0,
ab_coarse_000405,completed,0.99782521,0.00099888,16,16,1,1,0.300000,0.300000,0,
ab_coarse_000406,completed,0.98846447,0.00102898,16,16,1,1,0.300000,0.300000,0,
ab_coarse_000407,completed,0.99981213,0.00098181,16,16,1,1,0.300000,0.300000,0,
ab_coarse_000408,completed,0.99974614,0.00098176,16,16,1,1,0.300000,0.300000,0,
ab_coarse_000409,completed,0.99972719,0.00098811,16,16,1,1,0.300000,0.300000,0,
ab_coarse_000410,completed,0.98913074,0.00118834,16,16,1,1,0.300000,0.300000,0,
ab_coarse_000411,completed,0.99336994,0.00104624,16,16,1,1,0.300000,0.300000,0,
ab_coarse_000412,completed,0.95380425,0.00110713,16,16,1,1,0.300000,0.300000,0,
ab_coarse_000413,completed,0.95898402,0.00117249,16,16,1,1,0.300000,0.300000,0,
ab_coarse_000414,completed,0.99351865,0.00103674,16,16,1,1,0.300000,0.300000,0,
ab_coarse_000415,completed,0.99802715,0.00099328,16,16,1,1,0.300000,0.300000,0,
ab_coarse_000416,completed,0.94279945,0.00117067,16,16,1,1,0.300000,0.300000,0,
ab_coarse_000417,completed,0.00027452,0.00000053,16,16,0,0,0.300000,0.300000,0,
ab_coarse_000418,completed,0.81071925,0.00125248,16,16,1,1,0.300000,0.300000,0,
ab_coarse_000419,completed,0.03689011,0.00021618,19,16,0,0,0.300000,0.300000,0,
ab_coarse_000420,completed,0.92634135,0.00157396,16,16,1,1,0.300000,0.300000,0,
ab_coarse_000421,completed,0.96036714,0.00181701,16,16,1,1,0.300000,0.300000,0,
ab_coarse_000422,completed,0.96762151,0.00112709,16,16,1,1,0.300000,0.300000,0,
ab_coarse_000423,completed,0.99183661,0.00103377,16,16,1,1,0.300000,0.300000,0,
ab_coarse_000424,completed,0.94555324,0.00132905,16,16,1,1,0.300000,0.300000,0,
ab_coarse_000425,completed,0.99860340,0.00097848,16,16,1,1,0.300000,0.300000,0,
ab_coarse_000426,completed,0.91024220,0.00254187,16,16,1,1,0.300000,0.300000,0,
ab_coarse_000427,completed,0.99479592,0.00108527,16,16,1,1,0.300000,0.300000,0,
ab_coarse_000428,completed,0.99989355,0.00098069,16,16,1,1,0.300000,0.300000,0,
ab_coarse_000429,completed,0.99842733,0.00098684,16,16,1,1,0.300000,0.300000,0,
ab_coarse_000430,completed,0.99952477,0.00098651,16,16,1,1,0.300000,0.300000,0,
ab_coarse_000431,completed,0.98749310,0.00109982,16,16,1,1,0.300000,0.300000,0,
ab_coarse_000432,completed,0.98912364,0.00101073,16,16,1,1,0.300000,0.300000,0,
ab_coarse_000433,completed,0.99316943,0.00099163,16,16,1,1,0.300000,0.300000,0,
ab_coarse_000434,completed,0.96834934,0.00106548,16,16,1,1,0.300000,0.300000,0,
ab_coarse_000435,completed,0.99905056,0.00107917,16,16,1,1,0.300000,0.300000,0,
ab_coarse_000436,completed,0.90439880,0.00109143,16,16,1,1,0.300000,0.300000,0,
ab_coarse_000437,completed,0.74799550,0.00113312,16,16,1,1,0.300000,0.300000,0,
ab_coarse_000438,completed,0.00259333,0.00000649,16,11,0,0,0.300000,0.300000,0,
ab_coarse_000439,completed,0.00132471,0.00000190,16,16,0,0,0.300000,0.300000,0,
ab_coarse_000440,completed,0.92308909,0.00183942,16,16,2,1,0.300000,0.300000,0,
ab_coarse_000441,completed,0.97165155,0.00113591,16,16,1,1,0.300000,0.300000,0,
ab_coarse_000442,completed,0.52940106,0.00103577,16,16,1,1,0.300000,0.300000,0,
ab_coarse_000443,completed,0.92314118,0.00152698,16,16,1,1,0.300000,0.300000,0,
ab_coarse_000444,completed,0.87382287,0.00241053,16,16,3,1,0.300000,0.300000,0,
ab_coarse_000445,completed,0.83127576,0.00234626,16,16,1,1,0.300000,0.300000,0,
ab_coarse_000446,completed,0.99636900,0.00101780,16,16,1,1,0.300000,0.300000,0,
ab_coarse_000447,completed,0.99633491,0.00101330,16,16,1,1,0.300000,0.300000,0,
ab_coarse_000448,completed,0.99979711,0.00098085,16,16,1,1,0.300000,0.300000,0,
ab_coarse_000449,completed,0.99465120,0.00102936,16,16,1,1,0.300000,0.300000,0,
ab_coarse_000450,completed,0.99805611,0.00098442,16,16,1,1,0.300000,0.300000,0,
ab_coarse_000451,completed,0.99353206,0.00100295,16,16,1,1,0.300000,0.300000,0,
ab_coarse_000452,completed,0.99621105,0.00101093,16,16,1,1,0.300000,0.300000,0,
ab_coarse_000453,completed,0.99913168,0.00099136,16,16,1,1,0.300000,0.300000,0,
ab_coarse_000454,completed,0.90213591,0.00103885,16,16,1,1,0.300000,0.300000,0,
ab_coarse_000455,completed,0.93825704,0.00116449,16,16,1,1,0.300000,0.300000,0,
ab_coarse_000456,completed,0.92635983,0.00124226,16,16,1,1,0.300000,0.300000,0,
ab_coarse_000457,completed,0.85008651,0.00122186,16,16,1,1,0.300000,0.300000,0,
ab_coarse_000458,completed,0.94625688,0.00108606,16,16,1,1,0.300000,0.300000,0,
ab_coarse_000459,completed,0.28331408,0.00092929,16,16,0,0,0.300000,0.300000,0,
ab_coarse_000460,completed,0.00016840,0.00000042,16,16,0,0,0.300000,0.300000,0,
ab_coarse_000461,completed,0.97316074,0.00107936,16,16,1,1,0.300000,0.300000,0,
ab_coarse_000462,completed,0.99586982,0.00100069,16,16,1,1,0.300000,0.300000,0,
ab_coarse_000463,completed,0.83226252,0.00302800,16,16,1,1,0.300000,0.300000,0,
ab_coarse_000464,completed,0.87529850,0.00151144,16,16,1,1,0.300000,0.300000,0,
ab_coarse_000465,completed,0.84491205,0.00177659,16,16,1,1,0.300000,0.300000,0,
ab_coarse_000466,completed,0.97828078,0.00132679,16,16,1,1,0.300000,0.300000,0,
ab_coarse_000467,completed,0.99502790,0.00101655,16,16,1,1,0.300000,0.300000,0,
ab_coarse_000468,completed,0.99814069,0.00099872,16,16,1,1,0.300000,0.300000,0,
ab_coarse_000469,completed,0.99973577,0.00098873,16,16,1,1,0.300000,0.300000,0,
ab_coarse_000470,completed,0.99570978,0.00101804,16,16,1,1,0.300000,0.300000,0,
ab_coarse_000471,completed,0.99735558,0.00100044,16,16,1,1,0.300000,0.300000,0,
ab_coarse_000472,completed,0.99507809,0.00102360,16,16,1,1,0.300000,0.300000,0,
ab_coarse_000473,completed,0.99360377,0.00100701,16,16,1,1,0.300000,0.300000,0,
ab_coarse_000474,completed,0.93546265,0.00109088,16,16,1,1,0.300000,0.300000,0,
ab_coarse_000475,completed,0.83071750,0.00116445,16,16,1,1,0.300000,0.300000,0,
ab_coarse_000476,completed,0.91903985,0.00104428,16,16,1,1,0.300000,0.300000,0,
ab_coarse_000477,completed,0.94761109,0.00196248,16,16,2,1,0.300000,0.300000,0,
ab_coarse_000478,completed,0.85220498,0.00246511,16,16,2,1,0.300000,0.300000,0,
ab_coarse_000479,completed,0.65253907,0.00142021,16,16,1,1,0.300000,0.300000,0,
ab_coarse_000480,completed,0.34820476,0.00176729,16,16,1,1,0.300000,0.300000,0,
ab_coarse_000481,completed,0.01579829,0.00006595,16,16,0,0,0.300000,0.300000,0,
ab_coarse_000482,completed,0.95432138,0.00195523,16,16,2,1,0.300000,0.300000,0,
ab_coarse_000483,completed,0.99872285,0.00100212,16,16,1,1,0.300000,0.300000,0,
ab_coarse_000484,completed,0.98516011,0.00111220,16,16,1,1,0.300000,0.300000,0,
ab_coarse_000485,completed,0.99124277,0.00102887,16,16,1,1,0.300000,0.300000,0,
ab_coarse_000486,completed,0.99010605,0.00104776,16,16,1,1,0.300000,0.300000,0,
ab_coarse_000487,completed,0.99659735,0.00100078,16,16,1,1,0.300000,0.300000,0,
ab_coarse_000488,completed,0.99555993,0.00101537,16,16,1,1,0.300000,0.300000,0,
ab_coarse_000489,completed,0.99958497,0.00098850,16,16,1,1,0.300000,0.300000,0,
ab_coarse_000490,completed,0.99771923,0.00099695,16,16,1,1,0.300000,0.300000,0,
ab_coarse_000491,completed,0.99151504,0.00102210,16,16,1,1,0.300000,0.300000,0,
ab_coarse_000492,completed,0.96205693,0.00109771,16,16,1,1,0.300000,0.300000,0,
ab_coarse_000493,completed,0.76894927,0.00095482,16,16,1,1,0.300000,0.300000,0,
ab_coarse_000494,completed,0.57894659,0.00101141,16,16,1,1,0.300000,0.300000,0,
ab_coarse_000495,completed,0.19735347,0.00076762,16,16,0,0,0.300000,0.300000,0,
ab_coarse_000496,completed,0.14041044,0.00045122,16,16,0,0,0.300000,0.300000,0,
ab_coarse_000497,completed,0.95427418,0.00099013,16,16,1,1,0.300000,0.300000,0,
ab_coarse_000498,completed,0.53351766,0.00224839,16,16,1,1,0.300000,0.300000,0,
ab_coarse_000499,completed,0.67431349,0.00170992,16,16,1,1,0.300000,0.300000,0,
ab_coarse_000500,completed,0.47041616,0.00107791,16,16,1,1,0.300000,0.300000,0,
ab_coarse_000501,completed,0.00010792,0.00000021,16,16,0,0,0.300000,0.300000,0,
ab_coarse_000502,completed,0.00041009,0.00000086,16,16,0,0,0.300000,0.300000,0,
ab_coarse_000503,completed,0.99547619,0.00104968,16,16,1,1,0.300000,0.300000,0,
ab_coarse_000504,completed,0.99877650,0.00108887,16,16,1,1,0.300000,0.300000,0,
ab_coarse_000505,completed,0.99469876,0.00101908,16,16,1,1,0.300000,0.300000,0,
ab_coarse_000506,completed,0.99247557,0.00101936,16,16,1,1,0.300000,0.300000,0,
ab_coarse_000507,completed,0.98833150,0.00103143,16,16,1,1,0.300000,0.300000,0,
ab_coarse_000508,completed,0.99516827,0.00104251,16,16,1,1,0.300000,0.300000,0,
ab_coarse_000509,completed,0.99717522,0.00099575,16,16,1,1,0.300000,0.300000,0,
ab_coarse_000510,completed,0.99911696,0.00099101,16,16,1,1,0.300000,0.300000,0,
ab_coarse_000511,completed,0.99405342,0.00098858,16,16,1,1,0.300000,0.300000,0,
ab_coarse_000512,completed,0.97117513,0.00104084,16,16,1,1,0.300000,0.300000,0,
ab_coarse_000513,completed,0.94072104,0.00120789,16,16,1,1,0.300000,0.300000,0,
ab_coarse_000514,completed,0.73976243,0.00110128,16,16,1,1,0.300000,0.300000,0,
ab_coarse_000515,completed,0.15082541,0.00081244,16,16,0,0,0.300000,0.300000,0,
ab_coarse_000516,completed,0.14282626,0.00079638,16,16,0,0,0.300000,0.300000,0,
ab_coarse_000517,completed,0.10250627,0.00056666,16,16,0,0,0.300000,0.300000,0,
ab_coarse_000518,completed,0.14133425,0.00088499,16,16,0,0,0.300000,0.300000,0,
ab_coarse_000519,completed,0.93223637,0.00132898,16,16,1,1,0.300000,0.300000,0,
ab_coarse_000520,completed,0.71744525,0.00131600,16,16,1,1,0.300000,0.300000,0,
ab_coarse_000521,completed,0.40369874,0.00139560,16,16,1,1,0.300000,0.300000,0,
ab_coarse_000522,completed,0.00057266,0.00000113,16,10,0,0,0.300000,0.300000,0,
ab_coarse_000523,completed,0.90497881,0.00111980,16,16,1,1,0.300000,0.300000,0,
ab_coarse_000524,completed,0.97419387,0.00106795,16,16,1,1,0.300000,0.300000,0,
ab_coarse_000525,completed,0.94234425,0.00103154,16,16,1,1,0.300000,0.300000,0,
ab_coarse_000526,completed,0.99858260,0.00099437,16,16,1,1,0.300000,0.300000,0,
ab_coarse_000527,completed,0.99572760,0.00099947,16,16,1,1,0.300000,0.300000,0,
ab_coarse_000528,completed,0.99146610,0.00170372,16,16,2,1,0.300000,0.300000,0,
ab_coarse_000529,completed,0.99930739,0.00098379,16,16,1,1,0.300000,0.300000,0,
ab_coarse_000530,completed,0.99538910,0.00100228,16,16,1,1,0.300000,0.300000,0,
ab_coarse_000531,completed,0.95993161,0.00105495,16,16,1,1,0.300000,0.300000,0,
ab_coarse_000532,completed,0.97180891,0.00118589,16,16,1,1,0.300000,0.300000,0,
ab_coarse_000533,completed,0.98303533,0.00100471,16,16,1,1,0.300000,0.300000,0,
ab_coarse_000534,completed,0.64187616,0.00097230,16,16,1,1,0.300000,0.300000,0,
ab_coarse_000535,completed,0.06609865,0.00077074,16,16,0,0,0.300000,0.300000,0,
ab_coarse_000536,completed,0.06436796,0.00063999,16,16,0,0,0.300000,0.300000,0,
ab_coarse_000537,completed,0.05712935,0.00038480,16,16,0,0,0.300000,0.300000,0,
ab_coarse_000538,completed,0.10608276,0.00054187,16,16,0,0,0.300000,0.300000,0,
ab_coarse_000539,completed,0.54507953,0.00122973,16,16,1,1,0.300000,0.300000,0,
ab_coarse_000540,completed,0.49801758,0.00098121,16,16,1,1,0.300000,0.300000,0,
ab_coarse_000541,completed,0.34264109,0.00083651,16,16,1,1,0.300000,0.300000,0,
ab_coarse_000542,completed,0.15607318,0.00065394,16,16,0,0,0.300000,0.300000,0,
ab_coarse_000543,completed,0.00051429,0.00000074,16,16,0,0,0.300000,0.300000,0,
ab_coarse_000544,completed,0.99838340,0.00098682,16,16,1,1,0.300000,0.300000,0,
ab_coarse_000545,completed,0.94678468,0.00105349,16,16,1,1,0.300000,0.300000,0,
ab_coarse_000546,completed,0.99921429,0.00100144,16,16,1,1,0.300000,0.300000,0,
ab_coarse_000547,completed,0.99966073,0.00098341,16,16,1,1,0.300000,0.300000,0,
ab_coarse_000548,completed,0.99444854,0.00102359,16,16,1,1,0.300000,0.300000,0,
ab_coarse_000549,completed,0.99664348,0.00100833,16,16,1,1,0.300000,0.300000,0,
ab_coarse_000550,completed,0.83559859,0.00102165,16,16,1,1,0.300000,0.300000,0,
ab_coarse_000551,completed,0.84911436,0.00137878,16,16,1,1,0.300000,0.300000,0,
ab_coarse_000552,completed,0.98107177,0.00102525,16,16,1,1,0.300000,0.300000,0,
ab_coarse_000553,completed,0.97442019,0.00103809,16,16,1,1,0.300000,0.300000,0,
ab_coarse_000554,completed,0.96535224,0.00102394,16,16,1,1,0.300000,0.300000,0,
ab_coarse_000555,completed,0.41709027,0.00098295,16,16,1,1,0.300000,0.300000,0,
ab_coarse_000556,completed,0.89149618,0.00116105,16,16,1,1,0.300000,0.300000,0,
ab_coarse_000557,completed,0.19294858,0.00135372,16,16,0,0,0.300000,0.300000,0,
ab_coarse_000558,completed,0.39513478,0.00110766,16,16,1,1,0.300000,0.300000,0,
ab_coarse_000559,completed,0.07184818,0.00038942,16,16,0,0,0.300000,0.300000,0,
ab_coarse_000560,completed,0.42873526,0.00120300,16,16,1,1,0.300000,0.300000,0,
ab_coarse_000561,completed,0.19378217,0.00074789,16,16,0,0,0.300000,0.300000,0,
ab_coarse_000562,completed,0.29065618,0.00145227,16,16,0,0,0.300000,0.300000,0,
ab_coarse_000563,completed,0.99302977,0.00101157,16,16,1,1,0.300000,0.300000,0,
ab_coarse_000564,completed,0.99846786,0.00099403,16,16,1,1,0.300000,0.300000,0,
ab_coarse_000565,completed,0.99909055,0.00098827,16,16,1,1,0.300000,0.300000,0,
ab_coarse_000566,completed,0.99815911,0.00099586,16,16,1,1,0.300000,0.300000,0,
ab_coarse_000567,completed,0.99547285,0.00103460,16,16,1,1,0.300000,0.300000,0,
ab_coarse_000568,completed,0.94648397,0.00113167,16,16,1,1,0.300000,0.300000,0,
ab_coarse_000569,completed,0.84847838,0.00188605,16,16,1,1,0.300000,0.300000,0,
ab_coarse_000570,completed,0.85948688,0.00146940,16,16,1,1,0.300000,0.300000,0,
ab_coarse_000571,completed,0.89820617,0.00177027,16,16,1,1,0.300000,0.300000,0,
ab_coarse_000572,completed,0.85253876,0.00116577,16,16,1,1,0.300000,0.300000,0,
ab_coarse_000573,completed,0.96112901,0.00104517,16,16,1,1,0.300000,0.300000,0,
ab_coarse_000574,completed,0.77250749,0.00127741,16,16,1,1,0.300000,0.300000,0,
ab_coarse_000575,completed,0.54658985,0.00122927,16,16,1,1,0.300000,0.300000,0,
ab_coarse_000576,completed,0.84171218,0.00127347,16,16,1,1,0.300000,0.300000,0,
ab_coarse_000577,completed,0.99531966,0.00099088,16,16,1,1,0.300000,0.300000,0,
ab_coarse_000578,completed,0.34571651,0.00140583,16,16,1,1,0.300000,0.300000,0,
ab_coarse_000579,completed,0.92324615,0.00156475,16,16,1,1,0.300000,0.300000,0,
ab_coarse_000580,completed,0.93420750,0.00124098,16,16,1,1,0.300000,0.300000,0,
ab_coarse_000581,completed,0.04489908,0.00029248,16,16,0,0,0.300000,0.300000,0,
ab_coarse_000582,completed,0.00006378,0.00000012,16,16,0,0,0.300000,0.300000,0,
ab_coarse_000583,completed,0.01520546,0.00001539,16,16,0,0,0.300000,0.300000,0,
ab_coarse_000584,completed,0.99602091,0.00098751,16,16,1,1,0.300000,0.300000,0,
ab_coarse_000585,completed,0.99866188,0.00098540,16,16,1,1,0.300000,0.300000,0,
ab_coarse_000586,completed,0.99851567,0.00098950,16,16,1,1,0.300000,0.300000,0,
ab_coarse_000587,completed,0.99691272,0.00097991,16,16,1,1,0.300000,0.300000,0,
ab_coarse_000588,completed,0.98615831,0.00113168,16,16,1,1,0.300000,0.300000,0,
ab_coarse_000589,completed,0.99670058,0.00102996,16,16,1,1,0.300000,0.300000,0,
ab_coarse_000590,completed,0.93348396,0.00147417,16,16,1,1,0.300000,0.300000,0,
ab_coarse_000591,completed,0.82310581,0.00302978,16,16,3,1,0.300000,0.300000,0,
ab_coarse_000592,completed,0.62723994,0.00202322,16,16,1,1,0.300000,0.300000,0,
ab_coarse_000593,completed,0.56643540,0.00128950,16,16,1,1,0.300000,0.300000,0,
ab_coarse_000594,completed,0.27768674,0.00160707,16,16,0,0,0.300000,0.300000,0,
ab_coarse_000595,completed,0.34304482,0.00149114,16,16,1,1,0.300000,0.300000,0,
ab_coarse_000596,completed,0.94448096,0.00106637,16,16,1,1,0.300000,0.300000,0,
ab_coarse_000597,completed,0.38777798,0.00110925,16,16,1,1,0.300000,0.300000,0,
ab_coarse_000598,completed,0.82286763,0.00139828,16,16,1,1,0.300000,0.300000,0,
ab_coarse_000599,completed,0.76893198,0.00174422,16,16,1,1,0.300000,0.300000,0,
ab_coarse_000600,completed,0.65319991,0.00120392,16,16,1,1,0.300000,0.300000,0,
ab_coarse_000601,completed,0.27835429,0.00093584,16,16,0,0,0.300000,0.300000,0,
ab_coarse_000602,completed,0.00016919,0.00000033,16,16,0,0,0.300000,0.300000,0,
ab_coarse_000603,completed,0.00022837,0.00000051,16,16,0,0,0.300000,0.300000,0,
ab_coarse_000604,completed,0.99971718,0.00098395,16,16,1,1,0.300000,0.300000,0,
ab_coarse_000605,completed,0.99981463,0.00098353,16,16,1,1,0.300000,0.300000,0,
ab_coarse_000606,completed,0.99810070,0.00100138,16,16,1,1,0.300000,0.300000,0,
ab_coarse_000607,completed,0.99772018,0.00099382,16,16,1,1,0.300000,0.300000,0,
ab_coarse_000608,completed,0.56632775,0.00166686,16,16,1,1,0.300000,0.300000,0,
ab_coarse_000609,completed,0.95287347,0.00150621,16,16,1,1,0.300000,0.300000,0,
ab_coarse_000610,completed,0.24970269,0.00240501,16,16,0,0,0.300000,0.300000,0,
ab_coarse_000611,completed,0.51536727,0.00103786,16,16,1,1,0.300000,0.300000,0,
ab_coarse_000612,completed,0.19516072,0.00073426,16,16,0,0,0.300000,0.300000,0,
ab_coarse_000613,completed,0.24785686,0.00081677,16,16,0,0,0.300000,0.300000,0,
ab_coarse_000614,completed,0.93141037,0.00094702,16,16,1,1,0.300000,0.300000,0,
ab_coarse_000615,completed,0.94063282,0.00098609,16,16,1,1,0.300000,0.300000,0,
ab_coarse_000616,completed,0.54909104,0.00095207,16,16,1,1,0.300000,0.300000,0,
ab_coarse_000617,completed,0.17137414,0.00098160,16,16,0,0,0.300000,0.300000,0,
ab_coarse_000618,completed,0.36987260,0.00175771,16,16,1,1,0.300000,0.300000,0,
ab_coarse_000619,completed,0.37490946,0.00150980,16,16,1,1,0.300000,0.300000,0,
ab_coarse_000620,completed,0.30243853,0.00102067,16,16,1,1,0.300000,0.300000,0,
ab_coarse_000621,completed,0.26784641,0.00105840,16,16,0,0,0.300000,0.300000,0,
ab_coarse_000622,completed,0.14451025,0.00032069,16,16,0,0,0.300000,0.300000,0,
ab_coarse_000623,completed,0.97881258,0.00100800,16,16,1,1,0.300000,0.300000,0,
ab_coarse_000624,completed,0.99928701,0.00099446,16,16,1,1,0.300000,0.300000,0,
ab_coarse_000625,completed,0.99704736,0.00100360,16,16,1,1,0.300000,0.300000,0,
ab_coarse_000626,completed,0.99489009,0.00103268,16,16,1,1,0.300000,0.300000,0,
ab_coarse_000627,completed,0.94356018,0.00110401,16,16,1,1,0.300000,0.300000,0,
ab_coarse_000628,completed,0.70855427,0.00148065,16,16,1,1,0.300000,0.300000,0,
ab_coarse_000629,completed,0.61201298,0.00142748,16,16,1,1,0.300000,0.300000,0,
ab_coarse_000630,completed,0.23072080,0.00091138,16,16,0,0,0.300000,0.300000,0,
ab_coarse_000631,completed,0.08472729,0.00054780,16,16,0,0,0.300000,0.300000,0,
ab_coarse_000632,completed,0.08334296,0.00043908,16,16,0,0,0.300000,0.300000,0,
ab_coarse_000633,completed,0.10689261,0.00049982,16,16,0,0,0.300000,0.300000,0,
ab_coarse_000634,completed,0.14093871,0.00096948,16,16,0,0,0.300000,0.300000,0,
ab_coarse_000635,completed,0.53175443,0.00101427,16,16,1,1,0.300000,0.300000,0,
ab_coarse_000636,completed,0.22572754,0.00094676,16,16,0,0,0.300000,0.300000,0,
ab_coarse_000637,completed,0.19638948,0.00102819,16,16,0,0,0.300000,0.300000,0,
ab_coarse_000638,completed,0.42037567,0.00124165,16,16,1,1,0.300000,0.300000,0,
ab_coarse_000639,completed,0.53281695,0.00133820,16,16,1,1,0.300000,0.300000,0,
ab_coarse_000640,completed,0.56674922,0.00145997,16,16,1,1,0.300000,0.300000,0,
ab_coarse_000641,completed,0.09925591,0.00101554,16,12,0,0,0.300000,0.300000,0,
ab_coarse_000642,completed,0.00038196,0.00000061,16,16,0,0,0.300000,0.300000,0,
ab_coarse_000643,completed,0.99911422,0.00098483,16,16,1,1,0.300000,0.300000,0,
ab_coarse_000644,completed,0.97642106,0.00117709,16,16,1,1,0.300000,0.300000,0,
ab_coarse_000645,completed,0.91041052,0.00131580,16,16,1,1,0.300000,0.300000,0,
ab_coarse_000646,completed,0.97154135,0.00110976,16,16,1,1,0.300000,0.300000,0,
ab_coarse_000647,completed,0.88270742,0.00125674,16,16,1,1,0.300000,0.300000,0,
ab_coarse_000648,completed,0.81429839,0.00095607,16,16,1,1,0.300000,0.300000,0,
ab_coarse_000649,completed,0.51392949,0.00171801,16,16,1,1,0.300000,0.300000,0,
ab_coarse_000650,completed,0.07267206,0.00089433,16,16,0,0,0.300000,0.300000,0,
ab_coarse_000651,completed,0.02992052,0.00020875,16,16,0,0,0.300000,0.300000,0,
ab_coarse_000652,completed,0.03179241,0.00020346,16,16,0,0,0.300000,0.300000,0,
ab_coarse_000653,completed,0.06633080,0.00049783,16,16,0,0,0.300000,0.300000,0,
ab_coarse_000654,completed,0.09214094,0.00095774,16,16,0,0,0.300000,0.300000,0,
ab_coarse_000655,completed,0.26601055,0.00133295,16,16,0,0,0.300000,0.300000,0,
ab_coarse_000656,completed,0.60361636,0.00233940,16,16,1,1,0.300000,0.300000,0,
ab_coarse_000657,completed,0.42415771,0.00142175,16,16,1,1,0.300000,0.300000,0,
ab_coarse_000658,completed,0.00016139,0.00000028,16,16,0,0,0.300000,0.300000,0,
ab_coarse_000659,completed,0.00010007,0.00000021,16,16,0,0,0.300000,0.300000,0,
ab_coarse_000660,completed,0.99929821,0.00098251,16,16,1,1,0.300000,0.300000,0,
ab_coarse_000661,completed,0.98736328,0.00103983,16,16,1,1,0.300000,0.300000,0,
ab_coarse_000662,completed,0.99623597,0.00099907,16,16,1,1,0.300000,0.300000,0,
ab_coarse_000663,completed,0.98939896,0.00101582,16,16,1,1,0.300000,0.300000,0,
ab_coarse_000664,completed,0.99076396,0.00106276,16,16,1,1,0.300000,0.300000,0,
ab_coarse_000665,completed,0.97099584,0.00134494,16,16,1,1,0.300000,0.300000,0,
ab_coarse_000666,completed,0.90750092,0.00109936,16,16,1,1,0.300000,0.300000,0,
ab_coarse_000667,completed,0.72879493,0.00107346,16,16,1,1,0.300000,0.300000,0,
ab_coarse_000668,completed,0.23946150,0.00089874,16,16,0,0,0.300000,0.300000,0,
ab_coarse_000669,completed,0.05911398,0.00064347,16,16,0,0,0.300000,0.300000,0,
ab_coarse_000670,completed,0.05397049,0.00054318,16,16,0,0,0.300000,0.300000,0,
ab_coarse_000671,completed,0.00011646,0.00000037,16,16,0,0,0.300000,0.300000,0,
ab_coarse_000672,completed,0.00008134,0.00000017,16,16,0,0,0.300000,0.300000,0,
ab_coarse_000673,completed,0.00279277,0.00000305,16,16,0,0,0.300000,0.300000,0,
ab_coarse_000674,completed,0.99535805,0.00103954,16,16,1,1,0.300000,0.300000,0,
ab_coarse_000675,completed,0.98919535,0.00103443,16,16,1,1,0.300000,0.300000,0,
ab_coarse_000676,completed,0.98316324,0.00102969,16,16,1,1,0.300000,0.300000,0,
ab_coarse_000677,completed,0.98762321,0.00103868,16,16,1,1,0.300000,0.300000,0,
ab_coarse_000678,completed,0.99674833,0.00101732,16,16,1,1,0.300000,0.300000,0,
ab_coarse_000679,completed,0.72843391,0.00137521,16,16,1,1,0.300000,0.300000,0,
ab_coarse_000680,completed,0.97811967,0.00113010,16,16,1,1,0.300000,0.300000,0,
ab_coarse_000681,completed,0.00021113,0.00000040,16,16,0,0,0.300000,0.300000,0,
ab_coarse_000682,completed,0.00004239,0.00000007,16,16,0,0,0.300000,0.300000,0,
ab_coarse_000683,completed,0.00017743,0.00000040,16,16,0,0,0.300000,0.300000,0,
ab_coarse_000684,completed,0.99782181,0.00098892,16,16,1,1,0.300000,0.300000,0,
ab_coarse_000685,completed,0.95978338,0.00112234,16,16,1,1,0.300000,0.300000,0,
ab_coarse_000686,completed,0.82520181,0.00089417,16,16,1,1,0.300000,0.300000,0,
ab_coarse_000687,completed,0.99987769,0.00097771,16,16,1,1,0.300000,0.300000,0,
ab_coarse_000688,completed,0.11863957,0.00013054,16,16,0,0,0.300000,0.300000,0,
ab_coarse_000689,completed,0.00104159,0.00000148,16,16,0,0,0.300000,0.300000,0,
ab_coarse_000690,completed,0.00563229,0.00000772,16,16,0,0,0.300000,0.300000,0,
ab_coarse_000691,completed,0.93847579,0.00113198,16,16,1,1,0.300000,0.300000,0,
ab_coarse_000692,completed,0.00006639,0.00000013,16,16,0,0,0.300000,0.300000,0,
