candidate_id,patch_id,row,col,probability,candidate_threshold,cell_xmin,cell_ymin,cell_xmax,cell_ymax,coarse_xmin,coarse_ymin,coarse_xmax,coarse_ymax,crs
ab_coarse_000016_r16_c15,ab_coarse_000016,16,15,0.31687847,0.300000,-1361000.000,207000.000,-1360000.000,208000.000,-1376000.000,192000.000,-1344000.000,224000.000,EPSG:3979
ab_coarse_000016_r16_c16,ab_coarse_000016,16,16,0.97502285,0.300000,-1360000.000,207000.000,-1359000.000,208000.000,-1376000.000,192000.000,-1344000.000,224000.000,EPSG:3979
ab_coarse_000027_r16_c16,ab_coarse_000027,16,16,0.53130627,0.300000,-1360000.000,239000.000,-1359000.000,240000.000,-1376000.000,224000.000,-1344000.000,256000.000,EPSG:3979
ab_coarse_000037_r16_c16,ab_coarse_000037,16,16,0.69110084,0.300000,-1392000.000,271000.000,-1391000.000,272000.000,-1408000.000,256000.000,-1376000.000,288000.000,EPSG:3979
ab_coarse_000038_r16_c13,ab_coarse_000038,16,13,0.52496666,0.300000,-1363000.000,271000.000,-1362000.000,272000.000,-1376000.000,256000.000,-1344000.000,288000.000,EPSG:3979
ab_coarse_000038_r16_c14,ab_coarse_000038,16,14,0.49415773,0.300000,-1362000.000,271000.000,-1361000.000,272000.000,-1376000.000,256000.000,-1344000.000,288000.000,EPSG:3979
ab_coarse_000038_r16_c16,ab_coarse_000038,16,16,0.97509253,0.300000,-1360000.000,271000.000,-1359000.000,272000.000,-1376000.000,256000.000,-1344000.000,288000.000,EPSG:3979
ab_coarse_000050_r16_c16,ab_coarse_000050,16,16,0.87210011,0.300000,-1360000.000,303000.000,-1359000.000,304000.000,-1376000.000,288000.000,-1344000.000,320000.000,EPSG:3979
ab_coarse_000051_r16_c16,ab_coarse_000051,16,16,0.87285107,0.300000,-1328000.000,303000.000,-1327000.000,304000.000,-1344000.000,288000.000,-1312000.000,320000.000,EPSG:3979
ab_coarse_000062_r16_c16,ab_coarse_000062,16,16,0.99792504,0.300000,-1360000.000,335000.000,-1359000.000,336000.000,-1376000.000,320000.000,-1344000.000,352000.000,EPSG:3979
ab_coarse_000074_r16_c16,ab_coarse_000074,16,16,0.99801219,0.300000,-1360000.000,367000.000,-1359000.000,368000.000,-1376000.000,352000.000,-1344000.000,384000.000,EPSG:3979
ab_coarse_000086_r16_c16,ab_coarse_000086,16,16,0.99390841,0.300000,-1360000.000,399000.000,-1359000.000,400000.000,-1376000.000,384000.000,-1344000.000,416000.000,EPSG:3979
ab_coarse_000100_r16_c16,ab_coarse_000100,16,16,0.98861313,0.300000,-1360000.000,431000.000,-1359000.000,432000.000,-1376000.000,416000.000,-1344000.000,448000.000,EPSG:3979
ab_coarse_000113_r16_c16,ab_coarse_000113,16,16,0.77666253,0.300000,-1392000.000,463000.000,-1391000.000,464000.000,-1408000.000,448000.000,-1376000.000,480000.000,EPSG:3979
ab_coarse_000114_r16_c16,ab_coarse_000114,16,16,0.98290527,0.300000,-1360000.000,463000.000,-1359000.000,464000.000,-1376000.000,448000.000,-1344000.000,480000.000,EPSG:3979
ab_coarse_000129_r16_c16,ab_coarse_000129,16,16,0.99139178,0.300000,-1360000.000,495000.000,-1359000.000,496000.000,-1376000.000,480000.000,-1344000.000,512000.000,EPSG:3979
ab_coarse_000130_r16_c16,ab_coarse_000130,16,16,0.98001868,0.300000,-1328000.000,495000.000,-1327000.000,496000.000,-1344000.000,480000.000,-1312000.000,512000.000,EPSG:3979
ab_coarse_000144_r16_c16,ab_coarse_000144,16,16,0.76717514,0.300000,-1360000.000,527000.000,-1359000.000,528000.000,-1376000.000,512000.000,-1344000.000,544000.000,EPSG:3979
ab_coarse_000145_r16_c16,ab_coarse_000145,16,16,0.81274575,0.300000,-1328000.000,527000.000,-1327000.000,528000.000,-1344000.000,512000.000,-1312000.000,544000.000,EPSG:3979
ab_coarse_000161_r16_c16,ab_coarse_000161,16,16,0.97668368,0.300000,-1360000.000,559000.000,-1359000.000,560000.000,-1376000.000,544000.000,-1344000.000,576000.000,EPSG:3979
ab_coarse_000162_r16_c16,ab_coarse_000162,16,16,0.89717788,0.300000,-1328000.000,559000.000,-1327000.000,560000.000,-1344000.000,544000.000,-1312000.000,576000.000,EPSG:3979
ab_coarse_000176_r16_c16,ab_coarse_000176,16,16,0.96238434,0.300000,-1424000.000,591000.000,-1423000.000,592000.000,-1440000.000,576000.000,-1408000.000,608000.000,EPSG:3979
ab_coarse_000179_r16_c16,ab_coarse_000179,16,16,0.98317820,0.300000,-1328000.000,591000.000,-1327000.000,592000.000,-1344000.000,576000.000,-1312000.000,608000.000,EPSG:3979
ab_coarse_000195_r16_c16,ab_coarse_000195,16,16,0.89196414,0.300000,-1392000.000,623000.000,-1391000.000,624000.000,-1408000.000,608000.000,-1376000.000,640000.000,EPSG:3979
ab_coarse_000197_r16_c16,ab_coarse_000197,16,16,0.98094225,0.300000,-1328000.000,623000.000,-1327000.000,624000.000,-1344000.000,608000.000,-1312000.000,640000.000,EPSG:3979
ab_coarse_000198_r16_c16,ab_coarse_000198,16,16,0.94623929,0.300000,-1296000.000,623000.000,-1295000.000,624000.000,-1312000.000,608000.000,-1280000.000,640000.000,EPSG:3979
ab_coarse_000199_r16_c16,ab_coarse_000199,16,16,0.89767289,0.300000,-1264000.000,623000.000,-1263000.000,624000.000,-1280000.000,608000.000,-1248000.000,640000.000,EPSG:3979
ab_coarse_000210_r16_c16,ab_coarse_000210,16,16,0.32444754,0.300000,-1488000.000,655000.000,-1487000.000,656000.000,-1504000.000,640000.000,-1472000.000,672000.000,EPSG:3979
ab_coarse_000213_r16_c16,ab_coarse_000213,16,16,0.60093528,0.300000,-1392000.000,655000.000,-1391000.000,656000.000,-1408000.000,640000.000,-1376000.000,672000.000,EPSG:3979
ab_coarse_000214_r16_c16,ab_coarse_000214,16,16,0.78500700,0.300000,-1360000.000,655000.000,-1359000.000,656000.000,-1376000.000,640000.000,-1344000.000,672000.000,EPSG:3979
ab_coarse_000214_r17_c16,ab_coarse_000214,17,16,0.36758694,0.300000,-1360000.000,654000.000,-1359000.000,655000.000,-1376000.000,640000.000,-1344000.000,672000.000,EPSG:3979
ab_coarse_000215_r16_c16,ab_coarse_000215,16,16,0.85339183,0.300000,-1328000.000,655000.000,-1327000.000,656000.000,-1344000.000,640000.000,-1312000.000,672000.000,EPSG:3979
ab_coarse_000215_r16_c17,ab_coarse_000215,16,17,0.31315914,0.300000,-1327000.000,655000.000,-1326000.000,656000.000,-1344000.000,640000.000,-1312000.000,672000.000,EPSG:3979
ab_coarse_000216_r16_c16,ab_coarse_000216,16,16,0.93037468,0.300000,-1296000.000,655000.000,-1295000.000,656000.000,-1312000.000,640000.000,-1280000.000,672000.000,EPSG:3979
ab_coarse_000224_r16_c14,ab_coarse_000224,16,14,0.37341774,0.300000,-1042000.000,655000.000,-1041000.000,656000.000,-1056000.000,640000.000,-1024000.000,672000.000,EPSG:3979
ab_coarse_000224_r16_c15,ab_coarse_000224,16,15,0.42166352,0.300000,-1041000.000,655000.000,-1040000.000,656000.000,-1056000.000,640000.000,-1024000.000,672000.000,EPSG:3979
ab_coarse_000224_r16_c16,ab_coarse_000224,16,16,0.67745036,0.300000,-1040000.000,655000.000,-1039000.000,656000.000,-1056000.000,640000.000,-1024000.000,672000.000,EPSG:3979
ab_coarse_000224_r16_c17,ab_coarse_000224,16,17,0.30019221,0.300000,-1039000.000,655000.000,-1038000.000,656000.000,-1056000.000,640000.000,-1024000.000,672000.000,EPSG:3979
ab_coarse_000226_r16_c16,ab_coarse_000226,16,16,0.96101296,0.300000,-976000.000,655000.000,-975000.000,656000.000,-992000.000,640000.000,-960000.000,672000.000,EPSG:3979
ab_coarse_000226_r17_c16,ab_coarse_000226,17,16,0.39885730,0.300000,-976000.000,654000.000,-975000.000,655000.000,-992000.000,640000.000,-960000.000,672000.000,EPSG:3979
ab_coarse_000231_r16_c16,ab_coarse_000231,16,16,0.90629506,0.300000,-1424000.000,687000.000,-1423000.000,688000.000,-1440000.000,672000.000,-1408000.000,704000.000,EPSG:3979
ab_coarse_000232_r16_c16,ab_coarse_000232,16,16,0.75986141,0.300000,-1392000.000,687000.000,-1391000.000,688000.000,-1408000.000,672000.000,-1376000.000,704000.000,EPSG:3979
ab_coarse_000233_r16_c16,ab_coarse_000233,16,16,0.73584741,0.300000,-1360000.000,687000.000,-1359000.000,688000.000,-1376000.000,672000.000,-1344000.000,704000.000,EPSG:3979
ab_coarse_000233_r17_c16,ab_coarse_000233,17,16,0.41146871,0.300000,-1360000.000,686000.000,-1359000.000,687000.000,-1376000.000,672000.000,-1344000.000,704000.000,EPSG:3979
ab_coarse_000234_r16_c16,ab_coarse_000234,16,16,0.79687881,0.300000,-1328000.000,687000.000,-1327000.000,688000.000,-1344000.000,672000.000,-1312000.000,704000.000,EPSG:3979
ab_coarse_000235_r16_c10,ab_coarse_000235,16,10,0.36886567,0.300000,-1302000.000,687000.000,-1301000.000,688000.000,-1312000.000,672000.000,-1280000.000,704000.000,EPSG:3979
ab_coarse_000235_r16_c11,ab_coarse_000235,16,11,0.34024879,0.300000,-1301000.000,687000.000,-1300000.000,688000.000,-1312000.000,672000.000,-1280000.000,704000.000,EPSG:3979
ab_coarse_000235_r16_c12,ab_coarse_000235,16,12,0.37789646,0.300000,-1300000.000,687000.000,-1299000.000,688000.000,-1312000.000,672000.000,-1280000.000,704000.000,EPSG:3979
ab_coarse_000235_r16_c13,ab_coarse_000235,16,13,0.43428287,0.300000,-1299000.000,687000.000,-1298000.000,688000.000,-1312000.000,672000.000,-1280000.000,704000.000,EPSG:3979
ab_coarse_000235_r16_c14,ab_coarse_000235,16,14,0.34670082,0.300000,-1298000.000,687000.000,-1297000.000,688000.000,-1312000.000,672000.000,-1280000.000,704000.000,EPSG:3979
ab_coarse_000235_r16_c15,ab_coarse_000235,16,15,0.31133834,0.300000,-1297000.000,687000.000,-1296000.000,688000.000,-1312000.000,672000.000,-1280000.000,704000.000,EPSG:3979
ab_coarse_000235_r16_c16,ab_coarse_000235,16,16,0.58760560,0.300000,-1296000.000,687000.000,-1295000.000,688000.000,-1312000.000,672000.000,-1280000.000,704000.000,EPSG:3979
ab_coarse_000235_r16_c18,ab_coarse_000235,16,18,0.33394709,0.300000,-1294000.000,687000.000,-1293000.000,688000.000,-1312000.000,672000.000,-1280000.000,704000.000,EPSG:3979
ab_coarse_000236_r16_c16,ab_coarse_000236,16,16,0.60795629,0.300000,-1264000.000,687000.000,-1263000.000,688000.000,-1280000.000,672000.000,-1248000.000,704000.000,EPSG:3979
ab_coarse_000237_r16_c12,ab_coarse_000237,16,12,0.32106456,0.300000,-1236000.000,687000.000,-1235000.000,688000.000,-1248000.000,672000.000,-1216000.000,704000.000,EPSG:3979
ab_coarse_000237_r16_c13,ab_coarse_000237,16,13,0.40625003,0.300000,-1235000.000,687000.000,-1234000.000,688000.000,-1248000.000,672000.000,-1216000.000,704000.000,EPSG:3979
ab_coarse_000237_r16_c14,ab_coarse_000237,16,14,0.33561710,0.300000,-1234000.000,687000.000,-1233000.000,688000.000,-1248000.000,672000.000,-1216000.000,704000.000,EPSG:3979
ab_coarse_000237_r16_c15,ab_coarse_000237,16,15,0.32221097,0.300000,-1233000.000,687000.000,-1232000.000,688000.000,-1248000.000,672000.000,-1216000.000,704000.000,EPSG:3979
ab_coarse_000237_r16_c16,ab_coarse_000237,16,16,0.49984553,0.300000,-1232000.000,687000.000,-1231000.000,688000.000,-1248000.000,672000.000,-1216000.000,704000.000,EPSG:3979
ab_coarse_000242_r16_c16,ab_coarse_000242,16,16,0.48351827,0.300000,-1072000.000,687000.000,-1071000.000,688000.000,-1088000.000,672000.000,-1056000.000,704000.000,EPSG:3979
ab_coarse_000244_r16_c16,ab_coarse_000244,16,16,0.98198724,0.300000,-1008000.000,687000.000,-1007000.000,688000.000,-1024000.000,672000.000,-992000.000,704000.000,EPSG:3979
ab_coarse_000245_r16_c16,ab_coarse_000245,16,16,0.98208368,0.300000,-976000.000,687000.000,-975000.000,688000.000,-992000.000,672000.000,-960000.000,704000.000,EPSG:3979
ab_coarse_000249_r16_c16,ab_coarse_000249,16,16,0.91316229,0.300000,-1456000.000,719000.000,-1455000.000,720000.000,-1472000.000,704000.000,-1440000.000,736000.000,EPSG:3979
ab_coarse_000250_r16_c16,ab_coarse_000250,16,16,0.62833935,0.300000,-1424000.000,719000.000,-1423000.000,720000.000,-1440000.000,704000.000,-1408000.000,736000.000,EPSG:3979
ab_coarse_000251_r16_c16,ab_coarse_000251,16,16,0.76092160,0.300000,-1392000.000,719000.000,-1391000.000,720000.000,-1408000.000,704000.000,-1376000.000,736000.000,EPSG:3979
ab_coarse_000251_r16_c17,ab_coarse_000251,16,17,0.30630937,0.300000,-1391000.000,719000.000,-1390000.000,720000.000,-1408000.000,704000.000,-1376000.000,736000.000,EPSG:3979
ab_coarse_000251_r17_c16,ab_coarse_000251,17,16,0.35971072,0.300000,-1392000.000,718000.000,-1391000.000,719000.000,-1408000.000,704000.000,-1376000.000,736000.000,EPSG:3979
ab_coarse_000252_r16_c16,ab_coarse_000252,16,16,0.33415210,0.300000,-1360000.000,719000.000,-1359000.000,720000.000,-1376000.000,704000.000,-1344000.000,736000.000,EPSG:3979
ab_coarse_000253_r16_c16,ab_coarse_000253,16,16,0.77137649,0.300000,-1328000.000,719000.000,-1327000.000,720000.000,-1344000.000,704000.000,-1312000.000,736000.000,EPSG:3979
ab_coarse_000254_r16_c16,ab_coarse_000254,16,16,0.79387283,0.300000,-1296000.000,719000.000,-1295000.000,720000.000,-1312000.000,704000.000,-1280000.000,736000.000,EPSG:3979
ab_coarse_000255_r16_c16,ab_coarse_000255,16,16,0.49851400,0.300000,-1264000.000,719000.000,-1263000.000,720000.000,-1280000.000,704000.000,-1248000.000,736000.000,EPSG:3979
ab_coarse_000255_r24_c16,ab_coarse_000255,24,16,0.83976799,0.300000,-1264000.000,711000.000,-1263000.000,712000.000,-1280000.000,704000.000,-1248000.000,736000.000,EPSG:3979
ab_coarse_000255_r25_c16,ab_coarse_000255,25,16,0.30226487,0.300000,-1264000.000,710000.000,-1263000.000,711000.000,-1280000.000,704000.000,-1248000.000,736000.000,EPSG:3979
ab_coarse_000256_r16_c14,ab_coarse_000256,16,14,0.30528542,0.300000,-1234000.000,719000.000,-1233000.000,720000.000,-1248000.000,704000.000,-1216000.000,736000.000,EPSG:3979
ab_coarse_000256_r16_c16,ab_coarse_000256,16,16,0.81752080,0.300000,-1232000.000,719000.000,-1231000.000,720000.000,-1248000.000,704000.000,-1216000.000,736000.000,EPSG:3979
ab_coarse_000256_r17_c16,ab_coarse_000256,17,16,0.45562774,0.300000,-1232000.000,718000.000,-1231000.000,719000.000,-1248000.000,704000.000,-1216000.000,736000.000,EPSG:3979
ab_coarse_000259_r16_c16,ab_coarse_000259,16,16,0.35387263,0.300000,-1136000.000,719000.000,-1135000.000,720000.000,-1152000.000,704000.000,-1120000.000,736000.000,EPSG:3979
ab_coarse_000260_r16_c16,ab_coarse_000260,16,16,0.92214352,0.300000,-1104000.000,719000.000,-1103000.000,720000.000,-1120000.000,704000.000,-1088000.000,736000.000,EPSG:3979
ab_coarse_000261_r16_c16,ab_coarse_000261,16,16,0.99229735,0.300000,-1072000.000,719000.000,-1071000.000,720000.000,-1088000.000,704000.000,-1056000.000,736000.000,EPSG:3979
ab_coarse_000262_r16_c14,ab_coarse_000262,16,14,0.44689780,0.300000,-1042000.000,719000.000,-1041000.000,720000.000,-1056000.000,704000.000,-1024000.000,736000.000,EPSG:3979
ab_coarse_000262_r16_c16,ab_coarse_000262,16,16,0.97585493,0.300000,-1040000.000,719000.000,-1039000.000,720000.000,-1056000.000,704000.000,-1024000.000,736000.000,EPSG:3979
ab_coarse_000263_r16_c08,ab_coarse_000263,16,8,0.56021953,0.300000,-1016000.000,719000.000,-1015000.000,720000.000,-1024000.000,704000.000,-992000.000,736000.000,EPSG:3979
ab_coarse_000263_r16_c16,ab_coarse_000263,16,16,0.92903084,0.300000,-1008000.000,719000.000,-1007000.000,720000.000,-1024000.000,704000.000,-992000.000,736000.000,EPSG:3979
ab_coarse_000264_r16_c16,ab_coarse_000264,16,16,0.49552092,0.300000,-976000.000,719000.000,-975000.000,720000.000,-992000.000,704000.000,-960000.000,736000.000,EPSG:3979
ab_coarse_000269_r16_c16,ab_coarse_000269,16,16,0.99212235,0.300000,-1456000.000,751000.000,-1455000.000,752000.000,-1472000.000,736000.000,-1440000.000,768000.000,EPSG:3979
ab_coarse_000270_r16_c16,ab_coarse_000270,16,16,0.76594347,0.300000,-1424000.000,751000.000,-1423000.000,752000.000,-1440000.000,736000.000,-1408000.000,768000.000,EPSG:3979
ab_coarse_000271_r16_c16,ab_coarse_000271,16,16,0.85098082,0.300000,-1392000.000,751000.000,-1391000.000,752000.000,-1408000.000,736000.000,-1376000.000,768000.000,EPSG:3979
ab_coarse_000272_r16_c13,ab_coarse_000272,16,13,0.35057130,0.300000,-1363000.000,751000.000,-1362000.000,752000.000,-1376000.000,736000.000,-1344000.000,768000.000,EPSG:3979
ab_coarse_000272_r16_c16,ab_coarse_000272,16,16,0.56162500,0.300000,-1360000.000,751000.000,-1359000.000,752000.000,-1376000.000,736000.000,-1344000.000,768000.000,EPSG:3979
ab_coarse_000273_r16_c16,ab_coarse_000273,16,16,0.70495796,0.300000,-1328000.000,751000.000,-1327000.000,752000.000,-1344000.000,736000.000,-1312000.000,768000.000,EPSG:3979
ab_coarse_000274_r16_c14,ab_coarse_000274,16,14,0.40938604,0.300000,-1298000.000,751000.000,-1297000.000,752000.000,-1312000.000,736000.000,-1280000.000,768000.000,EPSG:3979
ab_coarse_000274_r16_c16,ab_coarse_000274,16,16,0.83846194,0.300000,-1296000.000,751000.000,-1295000.000,752000.000,-1312000.000,736000.000,-1280000.000,768000.000,EPSG:3979
ab_coarse_000275_r16_c14,ab_coarse_000275,16,14,0.34028217,0.300000,-1266000.000,751000.000,-1265000.000,752000.000,-1280000.000,736000.000,-1248000.000,768000.000,EPSG:3979
ab_coarse_000275_r16_c15,ab_coarse_000275,16,15,0.35298616,0.300000,-1265000.000,751000.000,-1264000.000,752000.000,-1280000.000,736000.000,-1248000.000,768000.000,EPSG:3979
ab_coarse_000275_r16_c16,ab_coarse_000275,16,16,0.90273011,0.300000,-1264000.000,751000.000,-1263000.000,752000.000,-1280000.000,736000.000,-1248000.000,768000.000,EPSG:3979
ab_coarse_000275_r16_c17,ab_coarse_000275,16,17,0.32679704,0.300000,-1263000.000,751000.000,-1262000.000,752000.000,-1280000.000,736000.000,-1248000.000,768000.000,EPSG:3979
ab_coarse_000276_r16_c16,ab_coarse_000276,16,16,0.36260143,0.300000,-1232000.000,751000.000,-1231000.000,752000.000,-1248000.000,736000.000,-1216000.000,768000.000,EPSG:3979
ab_coarse_000278_r16_c16,ab_coarse_000278,16,16,0.97109866,0.300000,-1168000.000,751000.000,-1167000.000,752000.000,-1184000.000,736000.000,-1152000.000,768000.000,EPSG:3979
ab_coarse_000279_r16_c16,ab_coarse_000279,16,16,0.96237093,0.300000,-1136000.000,751000.000,-1135000.000,752000.000,-1152000.000,736000.000,-1120000.000,768000.000,EPSG:3979
ab_coarse_000280_r16_c16,ab_coarse_000280,16,16,0.99913788,0.300000,-1104000.000,751000.000,-1103000.000,752000.000,-1120000.000,736000.000,-1088000.000,768000.000,EPSG:3979
ab_coarse_000281_r16_c16,ab_coarse_000281,16,16,0.96739769,0.300000,-1072000.000,751000.000,-1071000.000,752000.000,-1088000.000,736000.000,-1056000.000,768000.000,EPSG:3979
ab_coarse_000282_r16_c16,ab_coarse_000282,16,16,0.98143888,0.300000,-1040000.000,751000.000,-1039000.000,752000.000,-1056000.000,736000.000,-1024000.000,768000.000,EPSG:3979
ab_coarse_000283_r16_c16,ab_coarse_000283,16,16,0.89131826,0.300000,-1008000.000,751000.000,-1007000.000,752000.000,-1024000.000,736000.000,-992000.000,768000.000,EPSG:3979
ab_coarse_000284_r16_c16,ab_coarse_000284,16,16,0.84895229,0.300000,-976000.000,751000.000,-975000.000,752000.000,-992000.000,736000.000,-960000.000,768000.000,EPSG:3979
ab_coarse_000285_r16_c16,ab_coarse_000285,16,16,0.65065819,0.300000,-944000.000,751000.000,-943000.000,752000.000,-960000.000,736000.000,-928000.000,768000.000,EPSG:3979
ab_coarse_000290_r16_c16,ab_coarse_000290,16,16,0.60158002,0.300000,-1456000.000,783000.000,-1455000.000,784000.000,-1472000.000,768000.000,-1440000.000,800000.000,EPSG:3979
ab_coarse_000291_r16_c16,ab_coarse_000291,16,16,0.72123981,0.300000,-1424000.000,783000.000,-1423000.000,784000.000,-1440000.000,768000.000,-1408000.000,800000.000,EPSG:3979
ab_coarse_000291_r17_c16,ab_coarse_000291,17,16,0.32625148,0.300000,-1424000.000,782000.000,-1423000.000,783000.000,-1440000.000,768000.000,-1408000.000,800000.000,EPSG:3979
ab_coarse_000292_r16_c16,ab_coarse_000292,16,16,0.37388602,0.300000,-1392000.000,783000.000,-1391000.000,784000.000,-1408000.000,768000.000,-1376000.000,800000.000,EPSG:3979
ab_coarse_000293_r16_c16,ab_coarse_000293,16,16,0.86765838,0.300000,-1360000.000,783000.000,-1359000.000,784000.000,-1376000.000,768000.000,-1344000.000,800000.000,EPSG:3979
ab_coarse_000293_r17_c16,ab_coarse_000293,17,16,0.30404517,0.300000,-1360000.000,782000.000,-1359000.000,783000.000,-1376000.000,768000.000,-1344000.000,800000.000,EPSG:3979
ab_coarse_000294_r16_c16,ab_coarse_000294,16,16,0.43620697,0.300000,-1328000.000,783000.000,-1327000.000,784000.000,-1344000.000,768000.000,-1312000.000,800000.000,EPSG:3979
ab_coarse_000295_r16_c16,ab_coarse_000295,16,16,0.73060644,0.300000,-1296000.000,783000.000,-1295000.000,784000.000,-1312000.000,768000.000,-1280000.000,800000.000,EPSG:3979
ab_coarse_000296_r16_c16,ab_coarse_000296,16,16,0.99205548,0.300000,-1264000.000,783000.000,-1263000.000,784000.000,-1280000.000,768000.000,-1248000.000,800000.000,EPSG:3979
ab_coarse_000297_r16_c16,ab_coarse_000297,16,16,0.99849248,0.300000,-1232000.000,783000.000,-1231000.000,784000.000,-1248000.000,768000.000,-1216000.000,800000.000,EPSG:3979
ab_coarse_000298_r16_c12,ab_coarse_000298,16,12,0.37667689,0.300000,-1204000.000,783000.000,-1203000.000,784000.000,-1216000.000,768000.000,-1184000.000,800000.000,EPSG:3979
ab_coarse_000298_r16_c13,ab_coarse_000298,16,13,0.38683707,0.300000,-1203000.000,783000.000,-1202000.000,784000.000,-1216000.000,768000.000,-1184000.000,800000.000,EPSG:3979
ab_coarse_000298_r16_c14,ab_coarse_000298,16,14,0.67191583,0.300000,-1202000.000,783000.000,-1201000.000,784000.000,-1216000.000,768000.000,-1184000.000,800000.000,EPSG:3979
ab_coarse_000298_r16_c15,ab_coarse_000298,16,15,0.42461529,0.300000,-1201000.000,783000.000,-1200000.000,784000.000,-1216000.000,768000.000,-1184000.000,800000.000,EPSG:3979
ab_coarse_000298_r16_c16,ab_coarse_000298,16,16,0.76483840,0.300000,-1200000.000,783000.000,-1199000.000,784000.000,-1216000.000,768000.000,-1184000.000,800000.000,EPSG:3979
ab_coarse_000298_r17_c16,ab_coarse_000298,17,16,0.31160870,0.300000,-1200000.000,782000.000,-1199000.000,783000.000,-1216000.000,768000.000,-1184000.000,800000.000,EPSG:3979
ab_coarse_000299_r16_c16,ab_coarse_000299,16,16,0.99140817,0.300000,-1168000.000,783000.000,-1167000.000,784000.000,-1184000.000,768000.000,-1152000.000,800000.000,EPSG:3979
ab_coarse_000300_r16_c16,ab_coarse_000300,16,16,0.98009127,0.300000,-1136000.000,783000.000,-1135000.000,784000.000,-1152000.000,768000.000,-1120000.000,800000.000,EPSG:3979
ab_coarse_000301_r16_c16,ab_coarse_000301,16,16,0.96274191,0.300000,-1104000.000,783000.000,-1103000.000,784000.000,-1120000.000,768000.000,-1088000.000,800000.000,EPSG:3979
ab_coarse_000302_r16_c16,ab_coarse_000302,16,16,0.90448529,0.300000,-1072000.000,783000.000,-1071000.000,784000.000,-1088000.000,768000.000,-1056000.000,800000.000,EPSG:3979
ab_coarse_000303_r16_c16,ab_coarse_000303,16,16,0.93543041,0.300000,-1040000.000,783000.000,-1039000.000,784000.000,-1056000.000,768000.000,-1024000.000,800000.000,EPSG:3979
ab_coarse_000304_r16_c16,ab_coarse_000304,16,16,0.89131165,0.300000,-1008000.000,783000.000,-1007000.000,784000.000,-1024000.000,768000.000,-992000.000,800000.000,EPSG:3979
ab_coarse_000305_r16_c16,ab_coarse_000305,16,16,0.71310812,0.300000,-976000.000,783000.000,-975000.000,784000.000,-992000.000,768000.000,-960000.000,800000.000,EPSG:3979
ab_coarse_000311_r16_c16,ab_coarse_000311,16,16,0.40578958,0.300000,-1488000.000,815000.000,-1487000.000,816000.000,-1504000.000,800000.000,-1472000.000,832000.000,EPSG:3979
ab_coarse_000313_r16_c14,ab_coarse_000313,16,14,0.34924078,0.300000,-1426000.000,815000.000,-1425000.000,816000.000,-1440000.000,800000.000,-1408000.000,832000.000,EPSG:3979
ab_coarse_000313_r16_c15,ab_coarse_000313,16,15,0.30835178,0.300000,-1425000.000,815000.000,-1424000.000,816000.000,-1440000.000,800000.000,-1408000.000,832000.000,EPSG:3979
ab_coarse_000313_r16_c16,ab_coarse_000313,16,16,0.73730111,0.300000,-1424000.000,815000.000,-1423000.000,816000.000,-1440000.000,800000.000,-1408000.000,832000.000,EPSG:3979
ab_coarse_000314_r16_c16,ab_coarse_000314,16,16,0.80956221,0.300000,-1392000.000,815000.000,-1391000.000,816000.000,-1408000.000,800000.000,-1376000.000,832000.000,EPSG:3979
ab_coarse_000315_r16_c16,ab_coarse_000315,16,16,0.86062539,0.300000,-1360000.000,815000.000,-1359000.000,816000.000,-1376000.000,800000.000,-1344000.000,832000.000,EPSG:3979
ab_coarse_000315_r17_c16,ab_coarse_000315,17,16,0.32827571,0.300000,-1360000.000,814000.000,-1359000.000,815000.000,-1376000.000,800000.000,-1344000.000,832000.000,EPSG:3979
ab_coarse_000316_r16_c16,ab_coarse_000316,16,16,0.72440982,0.300000,-1328000.000,815000.000,-1327000.000,816000.000,-1344000.000,800000.000,-1312000.000,832000.000,EPSG:3979
ab_coarse_000317_r16_c16,ab_coarse_000317,16,16,0.75031829,0.300000,-1296000.000,815000.000,-1295000.000,816000.000,-1312000.000,800000.000,-1280000.000,832000.000,EPSG:3979
ab_coarse_000318_r16_c16,ab_coarse_000318,16,16,0.40514615,0.300000,-1264000.000,815000.000,-1263000.000,816000.000,-1280000.000,800000.000,-1248000.000,832000.000,EPSG:3979
ab_coarse_000319_r16_c16,ab_coarse_000319,16,16,0.31640217,0.300000,-1232000.000,815000.000,-1231000.000,816000.000,-1248000.000,800000.000,-1216000.000,832000.000,EPSG:3979
ab_coarse_000320_r16_c16,ab_coarse_000320,16,16,0.96900350,0.300000,-1200000.000,815000.000,-1199000.000,816000.000,-1216000.000,800000.000,-1184000.000,832000.000,EPSG:3979
ab_coarse_000321_r16_c16,ab_coarse_000321,16,16,0.94043195,0.300000,-1168000.000,815000.000,-1167000.000,816000.000,-1184000.000,800000.000,-1152000.000,832000.000,EPSG:3979
ab_coarse_000322_r16_c16,ab_coarse_000322,16,16,0.97605419,0.300000,-1136000.000,815000.000,-1135000.000,816000.000,-1152000.000,800000.000,-1120000.000,832000.000,EPSG:3979
ab_coarse_000323_r16_c16,ab_coarse_000323,16,16,0.94359207,0.300000,-1104000.000,815000.000,-1103000.000,816000.000,-1120000.000,800000.000,-1088000.000,832000.000,EPSG:3979
ab_coarse_000324_r16_c16,ab_coarse_000324,16,16,0.88057852,0.300000,-1072000.000,815000.000,-1071000.000,816000.000,-1088000.000,800000.000,-1056000.000,832000.000,EPSG:3979
ab_coarse_000325_r16_c16,ab_coarse_000325,16,16,0.93244904,0.300000,-1040000.000,815000.000,-1039000.000,816000.000,-1056000.000,800000.000,-1024000.000,832000.000,EPSG:3979
ab_coarse_000326_r16_c16,ab_coarse_000326,16,16,0.95430416,0.300000,-1008000.000,815000.000,-1007000.000,816000.000,-1024000.000,800000.000,-992000.000,832000.000,EPSG:3979
ab_coarse_000327_r16_c16,ab_coarse_000327,16,16,0.98168921,0.300000,-976000.000,815000.000,-975000.000,816000.000,-992000.000,800000.000,-960000.000,832000.000,EPSG:3979
ab_coarse_000328_r16_c16,ab_coarse_000328,16,16,0.95211500,0.300000,-944000.000,815000.000,-943000.000,816000.000,-960000.000,800000.000,-928000.000,832000.000,EPSG:3979
ab_coarse_000332_r16_c16,ab_coarse_000332,16,16,0.86108857,0.300000,-1520000.000,847000.000,-1519000.000,848000.000,-1536000.000,832000.000,-1504000.000,864000.000,EPSG:3979
ab_coarse_000333_r16_c16,ab_coarse_000333,16,16,0.99335194,0.300000,-1488000.000,847000.000,-1487000.000,848000.000,-1504000.000,832000.000,-1472000.000,864000.000,EPSG:3979
ab_coarse_000334_r16_c16,ab_coarse_000334,16,16,0.95451808,0.300000,-1456000.000,847000.000,-1455000.000,848000.000,-1472000.000,832000.000,-1440000.000,864000.000,EPSG:3979
ab_coarse_000335_r16_c16,ab_coarse_000335,16,16,0.56804639,0.300000,-1424000.000,847000.000,-1423000.000,848000.000,-1440000.000,832000.000,-1408000.000,864000.000,EPSG:3979
ab_coarse_000336_r16_c16,ab_coarse_000336,16,16,0.64675844,0.300000,-1392000.000,847000.000,-1391000.000,848000.000,-1408000.000,832000.000,-1376000.000,864000.000,EPSG:3979
ab_coarse_000337_r16_c16,ab_coarse_000337,16,16,0.83740336,0.300000,-1360000.000,847000.000,-1359000.000,848000.000,-1376000.000,832000.000,-1344000.000,864000.000,EPSG:3979
ab_coarse_000338_r16_c16,ab_coarse_000338,16,16,0.67012322,0.300000,-1328000.000,847000.000,-1327000.000,848000.000,-1344000.000,832000.000,-1312000.000,864000.000,EPSG:3979
ab_coarse_000339_r16_c16,ab_coarse_000339,16,16,0.78679049,0.300000,-1296000.000,847000.000,-1295000.000,848000.000,-1312000.000,832000.000,-1280000.000,864000.000,EPSG:3979
ab_coarse_000340_r16_c16,ab_coarse_000340,16,16,0.57648844,0.300000,-1264000.000,847000.000,-1263000.000,848000.000,-1280000.000,832000.000,-1248000.000,864000.000,EPSG:3979
ab_coarse_000342_r16_c16,ab_coarse_000342,16,16,0.98108554,0.300000,-1200000.000,847000.000,-1199000.000,848000.000,-1216000.000,832000.000,-1184000.000,864000.000,EPSG:3979
ab_coarse_000343_r16_c14,ab_coarse_000343,16,14,0.34151727,0.300000,-1170000.000,847000.000,-1169000.000,848000.000,-1184000.000,832000.000,-1152000.000,864000.000,EPSG:3979
ab_coarse_000343_r16_c16,ab_coarse_000343,16,16,0.53199881,0.300000,-1168000.000,847000.000,-1167000.000,848000.000,-1184000.000,832000.000,-1152000.000,864000.000,EPSG:3979
ab_coarse_000344_r16_c16,ab_coarse_000344,16,16,0.63663691,0.300000,-1136000.000,847000.000,-1135000.000,848000.000,-1152000.000,832000.000,-1120000.000,864000.000,EPSG:3979
ab_coarse_000345_r16_c16,ab_coarse_000345,16,16,0.84412050,0.300000,-1104000.000,847000.000,-1103000.000,848000.000,-1120000.000,832000.000,-1088000.000,864000.000,EPSG:3979
ab_coarse_000346_r16_c16,ab_coarse_000346,16,16,0.94165611,0.300000,-1072000.000,847000.000,-1071000.000,848000.000,-1088000.000,832000.000,-1056000.000,864000.000,EPSG:3979
ab_coarse_000347_r16_c16,ab_coarse_000347,16,16,0.47449014,0.300000,-1040000.000,847000.000,-1039000.000,848000.000,-1056000.000,832000.000,-1024000.000,864000.000,EPSG:3979
ab_coarse_000348_r16_c16,ab_coarse_000348,16,16,0.53419977,0.300000,-1008000.000,847000.000,-1007000.000,848000.000,-1024000.000,832000.000,-992000.000,864000.000,EPSG:3979
ab_coarse_000349_r16_c16,ab_coarse_000349,16,16,0.84208524,0.300000,-976000.000,847000.000,-975000.000,848000.000,-992000.000,832000.000,-960000.000,864000.000,EPSG:3979
ab_coarse_000349_r17_c16,ab_coarse_000349,17,16,0.32595205,0.300000,-976000.000,846000.000,-975000.000,847000.000,-992000.000,832000.000,-960000.000,864000.000,EPSG:3979
ab_coarse_000350_r16_c16,ab_coarse_000350,16,16,0.98258477,0.300000,-944000.000,847000.000,-943000.000,848000.000,-960000.000,832000.000,-928000.000,864000.000,EPSG:3979
ab_coarse_000354_r16_c16,ab_coarse_000354,16,16,0.80965602,0.300000,-1520000.000,879000.000,-1519000.000,880000.000,-1536000.000,864000.000,-1504000.000,896000.000,EPSG:3979
ab_coarse_000355_r16_c16,ab_coarse_000355,16,16,0.96346891,0.300000,-1488000.000,879000.000,-1487000.000,880000.000,-1504000.000,864000.000,-1472000.000,896000.000,EPSG:3979
ab_coarse_000356_r16_c16,ab_coarse_000356,16,16,0.94022506,0.300000,-1456000.000,879000.000,-1455000.000,880000.000,-1472000.000,864000.000,-1440000.000,896000.000,EPSG:3979
ab_coarse_000357_r16_c16,ab_coarse_000357,16,16,0.52907622,0.300000,-1424000.000,879000.000,-1423000.000,880000.000,-1440000.000,864000.000,-1408000.000,896000.000,EPSG:3979
ab_coarse_000358_r16_c16,ab_coarse_000358,16,16,0.99126095,0.300000,-1392000.000,879000.000,-1391000.000,880000.000,-1408000.000,864000.000,-1376000.000,896000.000,EPSG:3979
ab_coarse_000359_r16_c16,ab_coarse_000359,16,16,0.95570230,0.300000,-1360000.000,879000.000,-1359000.000,880000.000,-1376000.000,864000.000,-1344000.000,896000.000,EPSG:3979
ab_coarse_000360_r16_c16,ab_coarse_000360,16,16,0.59902835,0.300000,-1328000.000,879000.000,-1327000.000,880000.000,-1344000.000,864000.000,-1312000.000,896000.000,EPSG:3979
ab_coarse_000361_r16_c16,ab_coarse_000361,16,16,0.92662132,0.300000,-1296000.000,879000.000,-1295000.000,880000.000,-1312000.000,864000.000,-1280000.000,896000.000,EPSG:3979
ab_coarse_000362_r16_c16,ab_coarse_000362,16,16,0.76428127,0.300000,-1264000.000,879000.000,-1263000.000,880000.000,-1280000.000,864000.000,-1248000.000,896000.000,EPSG:3979
ab_coarse_000363_r16_c16,ab_coarse_000363,16,16,0.93993604,0.300000,-1232000.000,879000.000,-1231000.000,880000.000,-1248000.000,864000.000,-1216000.000,896000.000,EPSG:3979
ab_coarse_000364_r16_c13,ab_coarse_000364,16,13,0.32247591,0.300000,-1203000.000,879000.000,-1202000.000,880000.000,-1216000.000,864000.000,-1184000.000,896000.000,EPSG:3979
ab_coarse_000364_r16_c14,ab_coarse_000364,16,14,0.33902219,0.300000,-1202000.000,879000.000,-1201000.000,880000.000,-1216000.000,864000.000,-1184000.000,896000.000,EPSG:3979
ab_coarse_000364_r16_c15,ab_coarse_000364,16,15,0.31534475,0.300000,-1201000.000,879000.000,-1200000.000,880000.000,-1216000.000,864000.000,-1184000.000,896000.000,EPSG:3979
ab_coarse_000364_r16_c16,ab_coarse_000364,16,16,0.70768714,0.300000,-1200000.000,879000.000,-1199000.000,880000.000,-1216000.000,864000.000,-1184000.000,896000.000,EPSG:3979
ab_coarse_000365_r16_c16,ab_coarse_000365,16,16,0.72677070,0.300000,-1168000.000,879000.000,-1167000.000,880000.000,-1184000.000,864000.000,-1152000.000,896000.000,EPSG:3979
ab_coarse_000366_r16_c16,ab_coarse_000366,16,16,0.91361111,0.300000,-1136000.000,879000.000,-1135000.000,880000.000,-1152000.000,864000.000,-1120000.000,896000.000,EPSG:3979
ab_coarse_000367_r16_c16,ab_coarse_000367,16,16,0.42474902,0.300000,-1104000.000,879000.000,-1103000.000,880000.000,-1120000.000,864000.000,-1088000.000,896000.000,EPSG:3979
ab_coarse_000368_r16_c16,ab_coarse_000368,16,16,0.84389615,0.300000,-1072000.000,879000.000,-1071000.000,880000.000,-1088000.000,864000.000,-1056000.000,896000.000,EPSG:3979
ab_coarse_000369_r16_c16,ab_coarse_000369,16,16,0.96999818,0.300000,-1040000.000,879000.000,-1039000.000,880000.000,-1056000.000,864000.000,-1024000.000,896000.000,EPSG:3979
ab_coarse_000370_r16_c16,ab_coarse_000370,16,16,0.96403426,0.300000,-1008000.000,879000.000,-1007000.000,880000.000,-1024000.000,864000.000,-992000.000,896000.000,EPSG:3979
ab_coarse_000371_r16_c16,ab_coarse_000371,16,16,0.91206914,0.300000,-976000.000,879000.000,-975000.000,880000.000,-992000.000,864000.000,-960000.000,896000.000,EPSG:3979
ab_coarse_000372_r16_c16,ab_coarse_000372,16,16,0.99120486,0.300000,-944000.000,879000.000,-943000.000,880000.000,-960000.000,864000.000,-928000.000,896000.000,EPSG:3979
ab_coarse_000373_r16_c16,ab_coarse_000373,16,16,0.89242882,0.300000,-912000.000,879000.000,-911000.000,880000.000,-928000.000,864000.000,-896000.000,896000.000,EPSG:3979
ab_coarse_000376_r16_c16,ab_coarse_000376,16,16,0.76248318,0.300000,-1488000.000,911000.000,-1487000.000,912000.000,-1504000.000,896000.000,-1472000.000,928000.000,EPSG:3979
ab_coarse_000377_r16_c16,ab_coarse_000377,16,16,0.88028020,0.300000,-1456000.000,911000.000,-1455000.000,912000.000,-1472000.000,896000.000,-1440000.000,928000.000,EPSG:3979
ab_coarse_000378_r16_c16,ab_coarse_000378,16,16,0.60225099,0.300000,-1424000.000,911000.000,-1423000.000,912000.000,-1440000.000,896000.000,-1408000.000,928000.000,EPSG:3979
ab_coarse_000379_r16_c16,ab_coarse_000379,16,16,0.91923547,0.300000,-1392000.000,911000.000,-1391000.000,912000.000,-1408000.000,896000.000,-1376000.000,928000.000,EPSG:3979
ab_coarse_000380_r16_c16,ab_coarse_000380,16,16,0.80726385,0.300000,-1360000.000,911000.000,-1359000.000,912000.000,-1376000.000,896000.000,-1344000.000,928000.000,EPSG:3979
ab_coarse_000380_r17_c16,ab_coarse_000380,17,16,0.38491890,0.300000,-1360000.000,910000.000,-1359000.000,911000.000,-1376000.000,896000.000,-1344000.000,928000.000,EPSG:3979
ab_coarse_000381_r16_c16,ab_coarse_000381,16,16,0.99976283,0.300000,-1328000.000,911000.000,-1327000.000,912000.000,-1344000.000,896000.000,-1312000.000,928000.000,EPSG:3979
ab_coarse_000382_r16_c14,ab_coarse_000382,16,14,0.41262886,0.300000,-1298000.000,911000.000,-1297000.000,912000.000,-1312000.000,896000.000,-1280000.000,928000.000,EPSG:3979
ab_coarse_000382_r16_c16,ab_coarse_000382,16,16,0.79001057,0.300000,-1296000.000,911000.000,-1295000.000,912000.000,-1312000.000,896000.000,-1280000.000,928000.000,EPSG:3979
ab_coarse_000382_r17_c16,ab_coarse_000382,17,16,0.31046447,0.300000,-1296000.000,910000.000,-1295000.000,911000.000,-1312000.000,896000.000,-1280000.000,928000.000,EPSG:3979
ab_coarse_000383_r16_c12,ab_coarse_000383,16,12,0.36749390,0.300000,-1268000.000,911000.000,-1267000.000,912000.000,-1280000.000,896000.000,-1248000.000,928000.000,EPSG:3979
ab_coarse_000383_r16_c14,ab_coarse_000383,16,14,0.50969255,0.300000,-1266000.000,911000.000,-1265000.000,912000.000,-1280000.000,896000.000,-1248000.000,928000.000,EPSG:3979
ab_coarse_000383_r16_c15,ab_coarse_000383,16,15,0.32434818,0.300000,-1265000.000,911000.000,-1264000.000,912000.000,-1280000.000,896000.000,-1248000.000,928000.000,EPSG:3979
ab_coarse_000383_r16_c16,ab_coarse_000383,16,16,0.53249890,0.300000,-1264000.000,911000.000,-1263000.000,912000.000,-1280000.000,896000.000,-1248000.000,928000.000,EPSG:3979
ab_coarse_000384_r16_c16,ab_coarse_000384,16,16,0.78609955,0.300000,-1232000.000,911000.000,-1231000.000,912000.000,-1248000.000,896000.000,-1216000.000,928000.000,EPSG:3979
ab_coarse_000385_r16_c16,ab_coarse_000385,16,16,0.99390596,0.300000,-1200000.000,911000.000,-1199000.000,912000.000,-1216000.000,896000.000,-1184000.000,928000.000,EPSG:3979
ab_coarse_000386_r16_c16,ab_coarse_000386,16,16,0.92268687,0.300000,-1168000.000,911000.000,-1167000.000,912000.000,-1184000.000,896000.000,-1152000.000,928000.000,EPSG:3979
ab_coarse_000387_r16_c16,ab_coarse_000387,16,16,0.69742775,0.300000,-1136000.000,911000.000,-1135000.000,912000.000,-1152000.000,896000.000,-1120000.000,928000.000,EPSG:3979
ab_coarse_000388_r16_c16,ab_coarse_000388,16,16,0.34327859,0.300000,-1104000.000,911000.000,-1103000.000,912000.000,-1120000.000,896000.000,-1088000.000,928000.000,EPSG:3979
ab_coarse_000389_r16_c16,ab_coarse_000389,16,16,0.98229676,0.300000,-1072000.000,911000.000,-1071000.000,912000.000,-1088000.000,896000.000,-1056000.000,928000.000,EPSG:3979
ab_coarse_000390_r16_c16,ab_coarse_000390,16,16,0.79844570,0.300000,-1040000.000,911000.000,-1039000.000,912000.000,-1056000.000,896000.000,-1024000.000,928000.000,EPSG:3979
ab_coarse_000391_r16_c16,ab_coarse_000391,16,16,0.88271075,0.300000,-1008000.000,911000.000,-1007000.000,912000.000,-1024000.000,896000.000,-992000.000,928000.000,EPSG:3979
ab_coarse_000392_r16_c16,ab_coarse_000392,16,16,0.99151939,0.300000,-976000.000,911000.000,-975000.000,912000.000,-992000.000,896000.000,-960000.000,928000.000,EPSG:3979
ab_coarse_000393_r16_c16,ab_coarse_000393,16,16,0.99083149,0.300000,-944000.000,911000.000,-943000.000,912000.000,-960000.000,896000.000,-928000.000,928000.000,EPSG:3979
ab_coarse_000394_r16_c16,ab_coarse_000394,16,16,0.92555094,0.300000,-912000.000,911000.000,-911000.000,912000.000,-928000.000,896000.000,-896000.000,928000.000,EPSG:3979
ab_coarse_000397_r16_c16,ab_coarse_000397,16,16,0.90812635,0.300000,-1520000.000,943000.000,-1519000.000,944000.000,-1536000.000,928000.000,-1504000.000,960000.000,EPSG:3979
ab_coarse_000398_r16_c16,ab_coarse_000398,16,16,0.89839232,0.300000,-1488000.000,943000.000,-1487000.000,944000.000,-1504000.000,928000.000,-1472000.000,960000.000,EPSG:3979
ab_coarse_000399_r16_c16,ab_coarse_000399,16,16,0.98645717,0.300000,-1456000.000,943000.000,-1455000.000,944000.000,-1472000.000,928000.000,-1440000.000,960000.000,EPSG:3979
ab_coarse_000400_r16_c14,ab_coarse_000400,16,14,0.30327421,0.300000,-1426000.000,943000.000,-1425000.000,944000.000,-1440000.000,928000.000,-1408000.000,960000.000,EPSG:3979
ab_coarse_000400_r16_c16,ab_coarse_000400,16,16,0.92425156,0.300000,-1424000.000,943000.000,-1423000.000,944000.000,-1440000.000,928000.000,-1408000.000,960000.000,EPSG:3979
ab_coarse_000400_r17_c16,ab_coarse_000400,17,16,0.41513735,0.300000,-1424000.000,942000.000,-1423000.000,943000.000,-1440000.000,928000.000,-1408000.000,960000.000,EPSG:3979
ab_coarse_000400_r18_c16,ab_coarse_000400,18,16,0.35762414,0.300000,-1424000.000,941000.000,-1423000.000,942000.000,-1440000.000,928000.000,-1408000.000,960000.000,EPSG:3979
ab_coarse_000400_r24_c16,ab_coarse_000400,24,16,0.39286649,0.300000,-1424000.000,935000.000,-1423000.000,936000.000,-1440000.000,928000.000,-1408000.000,960000.000,EPSG:3979
ab_coarse_000401_r16_c16,ab_coarse_000401,16,16,0.98124290,0.300000,-1392000.000,943000.000,-1391000.000,944000.000,-1408000.000,928000.000,-1376000.000,960000.000,EPSG:3979
ab_coarse_000402_r16_c14,ab_coarse_000402,16,14,0.41459900,0.300000,-1362000.000,943000.000,-1361000.000,944000.000,-1376000.000,928000.000,-1344000.000,960000.000,EPSG:3979
ab_coarse_000402_r16_c15,ab_coarse_000402,16,15,0.36328867,0.300000,-1361000.000,943000.000,-1360000.000,944000.000,-1376000.000,928000.000,-1344000.000,960000.000,EPSG:3979
ab_coarse_000402_r16_c16,ab_coarse_000402,16,16,0.86756980,0.300000,-1360000.000,943000.000,-1359000.000,944000.000,-1376000.000,928000.000,-1344000.000,960000.000,EPSG:3979
ab_coarse_000404_r16_c16,ab_coarse_000404,16,16,0.42772126,0.300000,-1296000.000,943000.000,-1295000.000,944000.000,-1312000.000,928000.000,-1280000.000,960000.000,EPSG:3979
ab_coarse_000405_r16_c16,ab_coarse_000405,16,16,0.68344694,0.300000,-1264000.000,943000.000,-1263000.000,944000.000,-1280000.000,928000.000,-1248000.000,960000.000,EPSG:3979
ab_coarse_000406_r16_c16,ab_coarse_000406,16,16,0.79941350,0.300000,-1232000.000,943000.000,-1231000.000,944000.000,-1248000.000,928000.000,-1216000.000,960000.000,EPSG:3979
ab_coarse_000407_r16_c16,ab_coarse_000407,16,16,0.97881615,0.300000,-1200000.000,943000.000,-1199000.000,944000.000,-1216000.000,928000.000,-1184000.000,960000.000,EPSG:3979
ab_coarse_000408_r16_c16,ab_coarse_000408,16,16,0.37821797,0.300000,-1168000.000,943000.000,-1167000.000,944000.000,-1184000.000,928000.000,-1152000.000,960000.000,EPSG:3979
ab_coarse_000409_r16_c16,ab_coarse_000409,16,16,0.73239976,0.300000,-1136000.000,943000.000,-1135000.000,944000.000,-1152000.000,928000.000,-1120000.000,960000.000,EPSG:3979
ab_coarse_000410_r16_c16,ab_coarse_000410,16,16,0.88976419,0.300000,-1104000.000,943000.000,-1103000.000,944000.000,-1120000.000,928000.000,-1088000.000,960000.000,EPSG:3979
ab_coarse_000411_r16_c16,ab_coarse_000411,16,16,0.98649299,0.300000,-1072000.000,943000.000,-1071000.000,944000.000,-1088000.000,928000.000,-1056000.000,960000.000,EPSG:3979
ab_coarse_000412_r16_c16,ab_coarse_000412,16,16,0.99886465,0.300000,-1040000.000,943000.000,-1039000.000,944000.000,-1056000.000,928000.000,-1024000.000,960000.000,EPSG:3979
ab_coarse_000413_r16_c16,ab_coarse_000413,16,16,0.98768961,0.300000,-1008000.000,943000.000,-1007000.000,944000.000,-1024000.000,928000.000,-992000.000,960000.000,EPSG:3979
ab_coarse_000414_r16_c16,ab_coarse_000414,16,16,0.99156487,0.300000,-976000.000,943000.000,-975000.000,944000.000,-992000.000,928000.000,-960000.000,960000.000,EPSG:3979
ab_coarse_000415_r16_c16,ab_coarse_000415,16,16,0.98338038,0.300000,-944000.000,943000.000,-943000.000,944000.000,-960000.000,928000.000,-928000.000,960000.000,EPSG:3979
ab_coarse_000416_r16_c16,ab_coarse_000416,16,16,0.62744892,0.300000,-912000.000,943000.000,-911000.000,944000.000,-928000.000,928000.000,-896000.000,960000.000,EPSG:3979
ab_coarse_000418_r16_c16,ab_coarse_000418,16,16,0.79251027,0.300000,-1520000.000,975000.000,-1519000.000,976000.000,-1536000.000,960000.000,-1504000.000,992000.000,EPSG:3979
ab_coarse_000421_r16_c13,ab_coarse_000421,16,13,0.31663114,0.300000,-1427000.000,975000.000,-1426000.000,976000.000,-1440000.000,960000.000,-1408000.000,992000.000,EPSG:3979
ab_coarse_000421_r16_c16,ab_coarse_000421,16,16,0.86586642,0.300000,-1424000.000,975000.000,-1423000.000,976000.000,-1440000.000,960000.000,-1408000.000,992000.000,EPSG:3979
ab_coarse_000421_r17_c16,ab_coarse_000421,17,16,0.30496252,0.300000,-1424000.000,974000.000,-1423000.000,975000.000,-1440000.000,960000.000,-1408000.000,992000.000,EPSG:3979
ab_coarse_000422_r16_c16,ab_coarse_000422,16,16,0.83243710,0.300000,-1392000.000,975000.000,-1391000.000,976000.000,-1408000.000,960000.000,-1376000.000,992000.000,EPSG:3979
ab_coarse_000423_r16_c16,ab_coarse_000423,16,16,0.92154723,0.300000,-1360000.000,975000.000,-1359000.000,976000.000,-1376000.000,960000.000,-1344000.000,992000.000,EPSG:3979
ab_coarse_000425_r16_c16,ab_coarse_000425,16,16,0.80415702,0.300000,-1296000.000,975000.000,-1295000.000,976000.000,-1312000.000,960000.000,-1280000.000,992000.000,EPSG:3979
ab_coarse_000426_r16_c13,ab_coarse_000426,16,13,0.30654866,0.300000,-1267000.000,975000.000,-1266000.000,976000.000,-1280000.000,960000.000,-1248000.000,992000.000,EPSG:3979
ab_coarse_000426_r16_c14,ab_coarse_000426,16,14,0.31682980,0.300000,-1266000.000,975000.000,-1265000.000,976000.000,-1280000.000,960000.000,-1248000.000,992000.000,EPSG:3979
ab_coarse_000426_r16_c15,ab_coarse_000426,16,15,0.30552840,0.300000,-1265000.000,975000.000,-1264000.000,976000.000,-1280000.000,960000.000,-1248000.000,992000.000,EPSG:3979
ab_coarse_000426_r16_c16,ab_coarse_000426,16,16,0.70394278,0.300000,-1264000.000,975000.000,-1263000.000,976000.000,-1280000.000,960000.000,-1248000.000,992000.000,EPSG:3979
ab_coarse_000427_r16_c14,ab_coarse_000427,16,14,0.33082974,0.300000,-1234000.000,975000.000,-1233000.000,976000.000,-1248000.000,960000.000,-1216000.000,992000.000,EPSG:3979
ab_coarse_000427_r16_c16,ab_coarse_000427,16,16,0.86545771,0.300000,-1232000.000,975000.000,-1231000.000,976000.000,-1248000.000,960000.000,-1216000.000,992000.000,EPSG:3979
ab_coarse_000428_r16_c16,ab_coarse_000428,16,16,0.99691033,0.300000,-1200000.000,975000.000,-1199000.000,976000.000,-1216000.000,960000.000,-1184000.000,992000.000,EPSG:3979
ab_coarse_000429_r16_c16,ab_coarse_000429,16,16,0.77047062,0.300000,-1168000.000,975000.000,-1167000.000,976000.000,-1184000.000,960000.000,-1152000.000,992000.000,EPSG:3979
ab_coarse_000430_r16_c16,ab_coarse_000430,16,16,0.95343393,0.300000,-1136000.000,975000.000,-1135000.000,976000.000,-1152000.000,960000.000,-1120000.000,992000.000,EPSG:3979
ab_coarse_000431_r16_c16,ab_coarse_000431,16,16,0.81299734,0.300000,-1104000.000,975000.000,-1103000.000,976000.000,-1120000.000,960000.000,-1088000.000,992000.000,EPSG:3979
ab_coarse_000432_r16_c16,ab_coarse_000432,16,16,0.99921703,0.300000,-1072000.000,975000.000,-1071000.000,976000.000,-1088000.000,960000.000,-1056000.000,992000.000,EPSG:3979
ab_coarse_000433_r16_c16,ab_coarse_000433,16,16,0.99880052,0.300000,-1040000.000,975000.000,-1039000.000,976000.000,-1056000.000,960000.000,-1024000.000,992000.000,EPSG:3979
ab_coarse_000434_r16_c16,ab_coarse_000434,16,16,0.99666852,0.300000,-1008000.000,975000.000,-1007000.000,976000.000,-1024000.000,960000.000,-992000.000,992000.000,EPSG:3979
ab_coarse_000435_r16_c16,ab_coarse_000435,16,16,0.99952030,0.300000,-976000.000,975000.000,-975000.000,976000.000,-992000.000,960000.000,-960000.000,992000.000,EPSG:3979
ab_coarse_000436_r16_c16,ab_coarse_000436,16,16,0.67092001,0.300000,-944000.000,975000.000,-943000.000,976000.000,-960000.000,960000.000,-928000.000,992000.000,EPSG:3979
ab_coarse_000437_r16_c16,ab_coarse_000437,16,16,0.36309567,0.300000,-912000.000,975000.000,-911000.000,976000.000,-928000.000,960000.000,-896000.000,992000.000,EPSG:3979
ab_coarse_000440_r15_c16,ab_coarse_000440,15,16,0.42420173,0.300000,-1488000.000,1008000.000,-1487000.000,1009000.000,-1504000.000,992000.000,-1472000.000,1024000.000,EPSG:3979
ab_coarse_000440_r16_c16,ab_coarse_000440,16,16,0.83193648,0.300000,-1488000.000,1007000.000,-1487000.000,1008000.000,-1504000.000,992000.000,-1472000.000,1024000.000,EPSG:3979
ab_coarse_000441_r16_c16,ab_coarse_000441,16,16,0.82980669,0.300000,-1456000.000,1007000.000,-1455000.000,1008000.000,-1472000.000,992000.000,-1440000.000,1024000.000,EPSG:3979
ab_coarse_000443_r16_c13,ab_coarse_000443,16,13,0.35550416,0.300000,-1395000.000,1007000.000,-1394000.000,1008000.000,-1408000.000,992000.000,-1376000.000,1024000.000,EPSG:3979
ab_coarse_000443_r16_c14,ab_coarse_000443,16,14,0.33855247,0.300000,-1394000.000,1007000.000,-1393000.000,1008000.000,-1408000.000,992000.000,-1376000.000,1024000.000,EPSG:3979
ab_coarse_000443_r16_c15,ab_coarse_000443,16,15,0.36038685,0.300000,-1393000.000,1007000.000,-1392000.000,1008000.000,-1408000.000,992000.000,-1376000.000,1024000.000,EPSG:3979
ab_coarse_000443_r16_c16,ab_coarse_000443,16,16,0.88303357,0.300000,-1392000.000,1007000.000,-1391000.000,1008000.000,-1408000.000,992000.000,-1376000.000,1024000.000,EPSG:3979
ab_coarse_000443_r16_c17,ab_coarse_000443,16,17,0.43546101,0.300000,-1391000.000,1007000.000,-1390000.000,1008000.000,-1408000.000,992000.000,-1376000.000,1024000.000,EPSG:3979
ab_coarse_000443_r16_c18,ab_coarse_000443,16,18,0.35352635,0.300000,-1390000.000,1007000.000,-1389000.000,1008000.000,-1408000.000,992000.000,-1376000.000,1024000.000,EPSG:3979
ab_coarse_000443_r17_c16,ab_coarse_000443,17,16,0.31403935,0.300000,-1392000.000,1006000.000,-1391000.000,1007000.000,-1408000.000,992000.000,-1376000.000,1024000.000,EPSG:3979
ab_coarse_000444_r16_c13,ab_coarse_000444,16,13,0.34270179,0.300000,-1363000.000,1007000.000,-1362000.000,1008000.000,-1376000.000,992000.000,-1344000.000,1024000.000,EPSG:3979
ab_coarse_000444_r16_c14,ab_coarse_000444,16,14,0.59862947,0.300000,-1362000.000,1007000.000,-1361000.000,1008000.000,-1376000.000,992000.000,-1344000.000,1024000.000,EPSG:3979
ab_coarse_000444_r16_c15,ab_coarse_000444,16,15,0.38642246,0.300000,-1361000.000,1007000.000,-1360000.000,1008000.000,-1376000.000,992000.000,-1344000.000,1024000.000,EPSG:3979
ab_coarse_000444_r16_c16,ab_coarse_000444,16,16,0.81387085,0.300000,-1360000.000,1007000.000,-1359000.000,1008000.000,-1376000.000,992000.000,-1344000.000,1024000.000,EPSG:3979
ab_coarse_000444_r16_c17,ab_coarse_000444,16,17,0.31378499,0.300000,-1359000.000,1007000.000,-1358000.000,1008000.000,-1376000.000,992000.000,-1344000.000,1024000.000,EPSG:3979
ab_coarse_000446_r16_c13,ab_coarse_000446,16,13,0.30233696,0.300000,-1299000.000,1007000.000,-1298000.000,1008000.000,-1312000.000,992000.000,-1280000.000,1024000.000,EPSG:3979
ab_coarse_000446_r16_c16,ab_coarse_000446,16,16,0.45142749,0.300000,-1296000.000,1007000.000,-1295000.000,1008000.000,-1312000.000,992000.000,-1280000.000,1024000.000,EPSG:3979
ab_coarse_000447_r16_c16,ab_coarse_000447,16,16,0.82092154,0.300000,-1264000.000,1007000.000,-1263000.000,1008000.000,-1280000.000,992000.000,-1248000.000,1024000.000,EPSG:3979
ab_coarse_000448_r16_c16,ab_coarse_000448,16,16,0.92337734,0.300000,-1232000.000,1007000.000,-1231000.000,1008000.000,-1248000.000,992000.000,-1216000.000,1024000.000,EPSG:3979
ab_coarse_000449_r16_c16,ab_coarse_000449,16,16,0.68386668,0.300000,-1200000.000,1007000.000,-1199000.000,1008000.000,-1216000.000,992000.000,-1184000.000,1024000.000,EPSG:3979
ab_coarse_000450_r16_c16,ab_coarse_000450,16,16,0.99868637,0.300000,-1168000.000,1007000.000,-1167000.000,1008000.000,-1184000.000,992000.000,-1152000.000,1024000.000,EPSG:3979
ab_coarse_000451_r16_c16,ab_coarse_000451,16,16,0.95316988,0.300000,-1136000.000,1007000.000,-1135000.000,1008000.000,-1152000.000,992000.000,-1120000.000,1024000.000,EPSG:3979
ab_coarse_000452_r16_c16,ab_coarse_000452,16,16,0.88109601,0.300000,-1104000.000,1007000.000,-1103000.000,1008000.000,-1120000.000,992000.000,-1088000.000,1024000.000,EPSG:3979
ab_coarse_000453_r16_c16,ab_coarse_000453,16,16,0.94845152,0.300000,-1072000.000,1007000.000,-1071000.000,1008000.000,-1088000.000,992000.000,-1056000.000,1024000.000,EPSG:3979
ab_coarse_000454_r16_c16,ab_coarse_000454,16,16,0.96501940,0.300000,-1040000.000,1007000.000,-1039000.000,1008000.000,-1056000.000,992000.000,-1024000.000,1024000.000,EPSG:3979
ab_coarse_000455_r16_c16,ab_coarse_000455,16,16,0.99017501,0.300000,-1008000.000,1007000.000,-1007000.000,1008000.000,-1024000.000,992000.000,-992000.000,1024000.000,EPSG:3979
ab_coarse_000456_r16_c16,ab_coarse_000456,16,16,0.72842503,0.300000,-976000.000,1007000.000,-975000.000,1008000.000,-992000.000,992000.000,-960000.000,1024000.000,EPSG:3979
ab_coarse_000457_r16_c16,ab_coarse_000457,16,16,0.70866823,0.300000,-944000.000,1007000.000,-943000.000,1008000.000,-960000.000,992000.000,-928000.000,1024000.000,EPSG:3979
ab_coarse_000458_r16_c16,ab_coarse_000458,16,16,0.52289730,0.300000,-912000.000,1007000.000,-911000.000,1008000.000,-928000.000,992000.000,-896000.000,1024000.000,EPSG:3979
ab_coarse_000461_r16_c16,ab_coarse_000461,16,16,0.84002590,0.300000,-1488000.000,1039000.000,-1487000.000,1040000.000,-1504000.000,1024000.000,-1472000.000,1056000.000,EPSG:3979
ab_coarse_000462_r16_c16,ab_coarse_000462,16,16,0.64233261,0.300000,-1456000.000,1039000.000,-1455000.000,1040000.000,-1472000.000,1024000.000,-1440000.000,1056000.000,EPSG:3979
ab_coarse_000462_r17_c16,ab_coarse_000462,17,16,0.31616247,0.300000,-1456000.000,1038000.000,-1455000.000,1039000.000,-1472000.000,1024000.000,-1440000.000,1056000.000,EPSG:3979
ab_coarse_000463_r16_c15,ab_coarse_000463,16,15,0.37178481,0.300000,-1425000.000,1039000.000,-1424000.000,1040000.000,-1440000.000,1024000.000,-1408000.000,1056000.000,EPSG:3979
ab_coarse_000463_r16_c16,ab_coarse_000463,16,16,0.64695913,0.300000,-1424000.000,1039000.000,-1423000.000,1040000.000,-1440000.000,1024000.000,-1408000.000,1056000.000,EPSG:3979
ab_coarse_000463_r16_c17,ab_coarse_000463,16,17,0.38913912,0.300000,-1423000.000,1039000.000,-1422000.000,1040000.000,-1440000.000,1024000.000,-1408000.000,1056000.000,EPSG:3979
ab_coarse_000463_r17_c16,ab_coarse_000463,17,16,0.38539210,0.300000,-1424000.000,1038000.000,-1423000.000,1039000.000,-1440000.000,1024000.000,-1408000.000,1056000.000,EPSG:3979
ab_coarse_000464_r16_c15,ab_coarse_000464,16,15,0.34228221,0.300000,-1393000.000,1039000.000,-1392000.000,1040000.000,-1408000.000,1024000.000,-1376000.000,1056000.000,EPSG:3979
ab_coarse_000464_r16_c16,ab_coarse_000464,16,16,0.78898346,0.300000,-1392000.000,1039000.000,-1391000.000,1040000.000,-1408000.000,1024000.000,-1376000.000,1056000.000,EPSG:3979
ab_coarse_000464_r16_c17,ab_coarse_000464,16,17,0.32518160,0.300000,-1391000.000,1039000.000,-1390000.000,1040000.000,-1408000.000,1024000.000,-1376000.000,1056000.000,EPSG:3979
ab_coarse_000465_r16_c16,ab_coarse_000465,16,16,0.41159838,0.300000,-1360000.000,1039000.000,-1359000.000,1040000.000,-1376000.000,1024000.000,-1344000.000,1056000.000,EPSG:3979
ab_coarse_000466_r16_c16,ab_coarse_000466,16,16,0.84478581,0.300000,-1328000.000,1039000.000,-1327000.000,1040000.000,-1344000.000,1024000.000,-1312000.000,1056000.000,EPSG:3979
ab_coarse_000466_r16_c18,ab_coarse_000466,16,18,0.30454329,0.300000,-1326000.000,1039000.000,-1325000.000,1040000.000,-1344000.000,1024000.000,-1312000.000,1056000.000,EPSG:3979
ab_coarse_000467_r16_c16,ab_coarse_000467,16,16,0.80832404,0.300000,-1296000.000,1039000.000,-1295000.000,1040000.000,-1312000.000,1024000.000,-1280000.000,1056000.000,EPSG:3979
ab_coarse_000468_r16_c13,ab_coarse_000468,16,13,0.43108574,0.300000,-1267000.000,1039000.000,-1266000.000,1040000.000,-1280000.000,1024000.000,-1248000.000,1056000.000,EPSG:3979
ab_coarse_000468_r16_c14,ab_coarse_000468,16,14,0.32863808,0.300000,-1266000.000,1039000.000,-1265000.000,1040000.000,-1280000.000,1024000.000,-1248000.000,1056000.000,EPSG:3979
ab_coarse_000468_r16_c16,ab_coarse_000468,16,16,0.69370383,0.300000,-1264000.000,1039000.000,-1263000.000,1040000.000,-1280000.000,1024000.000,-1248000.000,1056000.000,EPSG:3979
ab_coarse_000469_r16_c16,ab_coarse_000469,16,16,0.61106515,0.300000,-1232000.000,1039000.000,-1231000.000,1040000.000,-1248000.000,1024000.000,-1216000.000,1056000.000,EPSG:3979
ab_coarse_000469_r16_c17,ab_coarse_000469,16,17,0.39633790,0.300000,-1231000.000,1039000.000,-1230000.000,1040000.000,-1248000.000,1024000.000,-1216000.000,1056000.000,EPSG:3979
ab_coarse_000469_r16_c18,ab_coarse_000469,16,18,0.36150849,0.300000,-1230000.000,1039000.000,-1229000.000,1040000.000,-1248000.000,1024000.000,-1216000.000,1056000.000,EPSG:3979
ab_coarse_000470_r16_c16,ab_coarse_000470,16,16,0.63598049,0.300000,-1200000.000,1039000.000,-1199000.000,1040000.000,-1216000.000,1024000.000,-1184000.000,1056000.000,EPSG:3979
ab_coarse_000471_r16_c16,ab_coarse_000471,16,16,0.66665465,0.300000,-1168000.000,1039000.000,-1167000.000,1040000.000,-1184000.000,1024000.000,-1152000.000,1056000.000,EPSG:3979
ab_coarse_000472_r16_c16,ab_coarse_000472,16,16,0.85246813,0.300000,-1136000.000,1039000.000,-1135000.000,1040000.000,-1152000.000,1024000.000,-1120000.000,1056000.000,EPSG:3979
ab_coarse_000473_r16_c16,ab_coarse_000473,16,16,0.87221724,0.300000,-1104000.000,1039000.000,-1103000.000,1040000.000,-1120000.000,1024000.000,-1088000.000,1056000.000,EPSG:3979
ab_coarse_000475_r16_c16,ab_coarse_000475,16,16,0.45981026,0.300000,-1040000.000,1039000.000,-1039000.000,1040000.000,-1056000.000,1024000.000,-1024000.000,1056000.000,EPSG:3979
ab_coarse_000476_r16_c16,ab_coarse_000476,16,16,0.64606375,0.300000,-1008000.000,1039000.000,-1007000.000,1040000.000,-1024000.000,1024000.000,-992000.000,1056000.000,EPSG:3979
ab_coarse_000477_r16_c14,ab_coarse_000477,16,14,0.47984445,0.300000,-978000.000,1039000.000,-977000.000,1040000.000,-992000.000,1024000.000,-960000.000,1056000.000,EPSG:3979
ab_coarse_000477_r16_c16,ab_coarse_000477,16,16,0.87561280,0.300000,-976000.000,1039000.000,-975000.000,1040000.000,-992000.000,1024000.000,-960000.000,1056000.000,EPSG:3979
ab_coarse_000478_r16_c14,ab_coarse_000478,16,14,0.33237359,0.300000,-946000.000,1039000.000,-945000.000,1040000.000,-960000.000,1024000.000,-928000.000,1056000.000,EPSG:3979
ab_coarse_000478_r16_c16,ab_coarse_000478,16,16,0.74962711,0.300000,-944000.000,1039000.000,-943000.000,1040000.000,-960000.000,1024000.000,-928000.000,1056000.000,EPSG:3979
ab_coarse_000482_r16_c11,ab_coarse_000482,16,11,0.33569825,0.300000,-1461000.000,1071000.000,-1460000.000,1072000.000,-1472000.000,1056000.000,-1440000.000,1088000.000,EPSG:3979
ab_coarse_000482_r16_c13,ab_coarse_000482,16,13,0.30599037,0.300000,-1459000.000,1071000.000,-1458000.000,1072000.000,-1472000.000,1056000.000,-1440000.000,1088000.000,EPSG:3979
ab_coarse_000482_r16_c14,ab_coarse_000482,16,14,0.36184287,0.300000,-1458000.000,1071000.000,-1457000.000,1072000.000,-1472000.000,1056000.000,-1440000.000,1088000.000,EPSG:3979
ab_coarse_000482_r16_c15,ab_coarse_000482,16,15,0.30877221,0.300000,-1457000.000,1071000.000,-1456000.000,1072000.000,-1472000.000,1056000.000,-1440000.000,1088000.000,EPSG:3979
ab_coarse_000482_r16_c16,ab_coarse_000482,16,16,0.86616045,0.300000,-1456000.000,1071000.000,-1455000.000,1072000.000,-1472000.000,1056000.000,-1440000.000,1088000.000,EPSG:3979
ab_coarse_000482_r16_c17,ab_coarse_000482,16,17,0.30290329,0.300000,-1455000.000,1071000.000,-1454000.000,1072000.000,-1472000.000,1056000.000,-1440000.000,1088000.000,EPSG:3979
ab_coarse_000483_r16_c16,ab_coarse_000483,16,16,0.99592990,0.300000,-1424000.000,1071000.000,-1423000.000,1072000.000,-1440000.000,1056000.000,-1408000.000,1088000.000,EPSG:3979
ab_coarse_000484_r16_c16,ab_coarse_000484,16,16,0.98379427,0.300000,-1392000.000,1071000.000,-1391000.000,1072000.000,-1408000.000,1056000.000,-1376000.000,1088000.000,EPSG:3979
ab_coarse_000485_r16_c16,ab_coarse_000485,16,16,0.99852574,0.300000,-1360000.000,1071000.000,-1359000.000,1072000.000,-1376000.000,1056000.000,-1344000.000,1088000.000,EPSG:3979
ab_coarse_000486_r16_c16,ab_coarse_000486,16,16,0.93675172,0.300000,-1328000.000,1071000.000,-1327000.000,1072000.000,-1344000.000,1056000.000,-1312000.000,1088000.000,EPSG:3979
ab_coarse_000487_r16_c16,ab_coarse_000487,16,16,0.93153596,0.300000,-1296000.000,1071000.000,-1295000.000,1072000.000,-1312000.000,1056000.000,-1280000.000,1088000.000,EPSG:3979
ab_coarse_000488_r16_c16,ab_coarse_000488,16,16,0.44471690,0.300000,-1264000.000,1071000.000,-1263000.000,1072000.000,-1280000.000,1056000.000,-1248000.000,1088000.000,EPSG:3979
ab_coarse_000489_r16_c16,ab_coarse_000489,16,16,0.60182893,0.300000,-1232000.000,1071000.000,-1231000.000,1072000.000,-1248000.000,1056000.000,-1216000.000,1088000.000,EPSG:3979
ab_coarse_000491_r16_c16,ab_coarse_000491,16,16,0.42375439,0.300000,-1168000.000,1071000.000,-1167000.000,1072000.000,-1184000.000,1056000.000,-1152000.000,1088000.000,EPSG:3979
ab_coarse_000492_r16_c16,ab_coarse_000492,16,16,0.77183211,0.300000,-1136000.000,1071000.000,-1135000.000,1072000.000,-1152000.000,1056000.000,-1120000.000,1088000.000,EPSG:3979
ab_coarse_000498_r16_c16,ab_coarse_000498,16,16,0.32687384,0.300000,-944000.000,1071000.000,-943000.000,1072000.000,-960000.000,1056000.000,-928000.000,1088000.000,EPSG:3979
ab_coarse_000499_r16_c16,ab_coarse_000499,16,16,0.31245235,0.300000,-912000.000,1071000.000,-911000.000,1072000.000,-928000.000,1056000.000,-896000.000,1088000.000,EPSG:3979
ab_coarse_000503_r16_c16,ab_coarse_000503,16,16,0.87186396,0.300000,-1456000.000,1103000.000,-1455000.000,1104000.000,-1472000.000,1088000.000,-1440000.000,1120000.000,EPSG:3979
ab_coarse_000504_r16_c16,ab_coarse_000504,16,16,0.99638921,0.300000,-1424000.000,1103000.000,-1423000.000,1104000.000,-1440000.000,1088000.000,-1408000.000,1120000.000,EPSG:3979
ab_coarse_000505_r16_c16,ab_coarse_000505,16,16,0.99317354,0.300000,-1392000.000,1103000.000,-1391000.000,1104000.000,-1408000.000,1088000.000,-1376000.000,1120000.000,EPSG:3979
ab_coarse_000506_r16_c16,ab_coarse_000506,16,16,0.99775755,0.300000,-1360000.000,1103000.000,-1359000.000,1104000.000,-1376000.000,1088000.000,-1344000.000,1120000.000,EPSG:3979
ab_coarse_000507_r16_c16,ab_coarse_000507,16,16,0.98134309,0.300000,-1328000.000,1103000.000,-1327000.000,1104000.000,-1344000.000,1088000.000,-1312000.000,1120000.000,EPSG:3979
ab_coarse_000508_r16_c16,ab_coarse_000508,16,16,0.88506866,0.300000,-1296000.000,1103000.000,-1295000.000,1104000.000,-1312000.000,1088000.000,-1280000.000,1120000.000,EPSG:3979
ab_coarse_000509_r16_c16,ab_coarse_000509,16,16,0.91409171,0.300000,-1264000.000,1103000.000,-1263000.000,1104000.000,-1280000.000,1088000.000,-1248000.000,1120000.000,EPSG:3979
ab_coarse_000510_r16_c16,ab_coarse_000510,16,16,0.73461294,0.300000,-1232000.000,1103000.000,-1231000.000,1104000.000,-1248000.000,1088000.000,-1216000.000,1120000.000,EPSG:3979
ab_coarse_000512_r16_c16,ab_coarse_000512,16,16,0.53268749,0.300000,-1168000.000,1103000.000,-1167000.000,1104000.000,-1184000.000,1088000.000,-1152000.000,1120000.000,EPSG:3979
ab_coarse_000513_r16_c16,ab_coarse_000513,16,16,0.79856676,0.300000,-1136000.000,1103000.000,-1135000.000,1104000.000,-1152000.000,1088000.000,-1120000.000,1120000.000,EPSG:3979
ab_coarse_000514_r16_c16,ab_coarse_000514,16,16,0.54268193,0.300000,-1104000.000,1103000.000,-1103000.000,1104000.000,-1120000.000,1088000.000,-1088000.000,1120000.000,EPSG:3979
ab_coarse_000519_r16_c16,ab_coarse_000519,16,16,0.38070866,0.300000,-944000.000,1103000.000,-943000.000,1104000.000,-960000.000,1088000.000,-928000.000,1120000.000,EPSG:3979
ab_coarse_000520_r16_c16,ab_coarse_000520,16,16,0.81199932,0.300000,-912000.000,1103000.000,-911000.000,1104000.000,-928000.000,1088000.000,-896000.000,1120000.000,EPSG:3979
ab_coarse_000523_r16_c16,ab_coarse_000523,16,16,0.65165472,0.300000,-1456000.000,1135000.000,-1455000.000,1136000.000,-1472000.000,1120000.000,-1440000.000,1152000.000,EPSG:3979
ab_coarse_000525_r16_c16,ab_coarse_000525,16,16,0.96193612,0.300000,-1392000.000,1135000.000,-1391000.000,1136000.000,-1408000.000,1120000.000,-1376000.000,1152000.000,EPSG:3979
ab_coarse_000526_r16_c16,ab_coarse_000526,16,16,0.97711599,0.300000,-1360000.000,1135000.000,-1359000.000,1136000.000,-1376000.000,1120000.000,-1344000.000,1152000.000,EPSG:3979
ab_coarse_000527_r16_c16,ab_coarse_000527,16,16,0.77021319,0.300000,-1328000.000,1135000.000,-1327000.000,1136000.000,-1344000.000,1120000.000,-1312000.000,1152000.000,EPSG:3979
ab_coarse_000528_r16_c14,ab_coarse_000528,16,14,0.56217492,0.300000,-1298000.000,1135000.000,-1297000.000,1136000.000,-1312000.000,1120000.000,-1280000.000,1152000.000,EPSG:3979
ab_coarse_000528_r16_c15,ab_coarse_000528,16,15,0.43102869,0.300000,-1297000.000,1135000.000,-1296000.000,1136000.000,-1312000.000,1120000.000,-1280000.000,1152000.000,EPSG:3979
ab_coarse_000528_r16_c16,ab_coarse_000528,16,16,0.74824691,0.300000,-1296000.000,1135000.000,-1295000.000,1136000.000,-1312000.000,1120000.000,-1280000.000,1152000.000,EPSG:3979
ab_coarse_000528_r17_c16,ab_coarse_000528,17,16,0.44462636,0.300000,-1296000.000,1134000.000,-1295000.000,1135000.000,-1312000.000,1120000.000,-1280000.000,1152000.000,EPSG:3979
ab_coarse_000530_r16_c16,ab_coarse_000530,16,16,0.46507984,0.300000,-1232000.000,1135000.000,-1231000.000,1136000.000,-1248000.000,1120000.000,-1216000.000,1152000.000,EPSG:3979
ab_coarse_000531_r16_c16,ab_coarse_000531,16,16,0.61402309,0.300000,-1200000.000,1135000.000,-1199000.000,1136000.000,-1216000.000,1120000.000,-1184000.000,1152000.000,EPSG:3979
ab_coarse_000532_r16_c16,ab_coarse_000532,16,16,0.65211260,0.300000,-1168000.000,1135000.000,-1167000.000,1136000.000,-1184000.000,1120000.000,-1152000.000,1152000.000,EPSG:3979
ab_coarse_000533_r16_c16,ab_coarse_000533,16,16,0.99953872,0.300000,-1136000.000,1135000.000,-1135000.000,1136000.000,-1152000.000,1120000.000,-1120000.000,1152000.000,EPSG:3979
ab_coarse_000534_r16_c16,ab_coarse_000534,16,16,0.34408104,0.300000,-1104000.000,1135000.000,-1103000.000,1136000.000,-1120000.000,1120000.000,-1088000.000,1152000.000,EPSG:3979
ab_coarse_000538_r16_c16,ab_coarse_000538,16,16,0.50653327,0.300000,-976000.000,1135000.000,-975000.000,1136000.000,-992000.000,1120000.000,-960000.000,1152000.000,EPSG:3979
ab_coarse_000539_r16_c16,ab_coarse_000539,16,16,0.32417080,0.300000,-944000.000,1135000.000,-943000.000,1136000.000,-960000.000,1120000.000,-928000.000,1152000.000,EPSG:3979
ab_coarse_000540_r16_c16,ab_coarse_000540,16,16,0.68302459,0.300000,-912000.000,1135000.000,-911000.000,1136000.000,-928000.000,1120000.000,-896000.000,1152000.000,EPSG:3979
ab_coarse_000544_r16_c16,ab_coarse_000544,16,16,0.91141331,0.300000,-1424000.000,1167000.000,-1423000.000,1168000.000,-1440000.000,1152000.000,-1408000.000,1184000.000,EPSG:3979
ab_coarse_000545_r16_c16,ab_coarse_000545,16,16,0.94049281,0.300000,-1392000.000,1167000.000,-1391000.000,1168000.000,-1408000.000,1152000.000,-1376000.000,1184000.000,EPSG:3979
ab_coarse_000546_r16_c16,ab_coarse_000546,16,16,0.84978777,0.300000,-1360000.000,1167000.000,-1359000.000,1168000.000,-1376000.000,1152000.000,-1344000.000,1184000.000,EPSG:3979
ab_coarse_000546_r17_c16,ab_coarse_000546,17,16,0.31146330,0.300000,-1360000.000,1166000.000,-1359000.000,1167000.000,-1376000.000,1152000.000,-1344000.000,1184000.000,EPSG:3979
ab_coarse_000547_r16_c16,ab_coarse_000547,16,16,0.69912732,0.300000,-1328000.000,1167000.000,-1327000.000,1168000.000,-1344000.000,1152000.000,-1312000.000,1184000.000,EPSG:3979
ab_coarse_000548_r16_c16,ab_coarse_000548,16,16,0.68459362,0.300000,-1296000.000,1167000.000,-1295000.000,1168000.000,-1312000.000,1152000.000,-1280000.000,1184000.000,EPSG:3979
ab_coarse_000549_r16_c16,ab_coarse_000549,16,16,0.65485013,0.300000,-1264000.000,1167000.000,-1263000.000,1168000.000,-1280000.000,1152000.000,-1248000.000,1184000.000,EPSG:3979
ab_coarse_000550_r16_c16,ab_coarse_000550,16,16,0.99692363,0.300000,-1232000.000,1167000.000,-1231000.000,1168000.000,-1248000.000,1152000.000,-1216000.000,1184000.000,EPSG:3979
ab_coarse_000551_r16_c16,ab_coarse_000551,16,16,0.98866546,0.300000,-1200000.000,1167000.000,-1199000.000,1168000.000,-1216000.000,1152000.000,-1184000.000,1184000.000,EPSG:3979
ab_coarse_000552_r16_c16,ab_coarse_000552,16,16,0.90923959,0.300000,-1168000.000,1167000.000,-1167000.000,1168000.000,-1184000.000,1152000.000,-1152000.000,1184000.000,EPSG:3979
ab_coarse_000553_r16_c16,ab_coarse_000553,16,16,0.99920809,0.300000,-1136000.000,1167000.000,-1135000.000,1168000.000,-1152000.000,1152000.000,-1120000.000,1184000.000,EPSG:3979
ab_coarse_000554_r16_c16,ab_coarse_000554,16,16,0.98573071,0.300000,-1104000.000,1167000.000,-1103000.000,1168000.000,-1120000.000,1152000.000,-1088000.000,1184000.000,EPSG:3979
ab_coarse_000555_r16_c16,ab_coarse_000555,16,16,0.66509122,0.300000,-1072000.000,1167000.000,-1071000.000,1168000.000,-1088000.000,1152000.000,-1056000.000,1184000.000,EPSG:3979
ab_coarse_000556_r16_c16,ab_coarse_000556,16,16,0.34979060,0.300000,-1040000.000,1167000.000,-1039000.000,1168000.000,-1056000.000,1152000.000,-1024000.000,1184000.000,EPSG:3979
ab_coarse_000557_r16_c16,ab_coarse_000557,16,16,0.45692363,0.300000,-1008000.000,1167000.000,-1007000.000,1168000.000,-1024000.000,1152000.000,-992000.000,1184000.000,EPSG:3979
ab_coarse_000558_r16_c16,ab_coarse_000558,16,16,0.39993581,0.300000,-976000.000,1167000.000,-975000.000,1168000.000,-992000.000,1152000.000,-960000.000,1184000.000,EPSG:3979
ab_coarse_000563_r16_c16,ab_coarse_000563,16,16,0.99642056,0.300000,-1424000.000,1199000.000,-1423000.000,1200000.000,-1440000.000,1184000.000,-1408000.000,1216000.000,EPSG:3979
ab_coarse_000564_r16_c16,ab_coarse_000564,16,16,0.99215955,0.300000,-1392000.000,1199000.000,-1391000.000,1200000.000,-1408000.000,1184000.000,-1376000.000,1216000.000,EPSG:3979
ab_coarse_000565_r16_c16,ab_coarse_000565,16,16,0.99703765,0.300000,-1360000.000,1199000.000,-1359000.000,1200000.000,-1376000.000,1184000.000,-1344000.000,1216000.000,EPSG:3979
ab_coarse_000566_r16_c16,ab_coarse_000566,16,16,0.94271636,0.300000,-1328000.000,1199000.000,-1327000.000,1200000.000,-1344000.000,1184000.000,-1312000.000,1216000.000,EPSG:3979
ab_coarse_000567_r16_c16,ab_coarse_000567,16,16,0.95534879,0.300000,-1296000.000,1199000.000,-1295000.000,1200000.000,-1312000.000,1184000.000,-1280000.000,1216000.000,EPSG:3979
ab_coarse_000568_r16_c16,ab_coarse_000568,16,16,0.38991278,0.300000,-1264000.000,1199000.000,-1263000.000,1200000.000,-1280000.000,1184000.000,-1248000.000,1216000.000,EPSG:3979
ab_coarse_000569_r16_c16,ab_coarse_000569,16,16,0.95361483,0.300000,-1232000.000,1199000.000,-1231000.000,1200000.000,-1248000.000,1184000.000,-1216000.000,1216000.000,EPSG:3979
ab_coarse_000570_r16_c16,ab_coarse_000570,16,16,0.87651765,0.300000,-1200000.000,1199000.000,-1199000.000,1200000.000,-1216000.000,1184000.000,-1184000.000,1216000.000,EPSG:3979
ab_coarse_000571_r16_c16,ab_coarse_000571,16,16,0.96345454,0.300000,-1168000.000,1199000.000,-1167000.000,1200000.000,-1184000.000,1184000.000,-1152000.000,1216000.000,EPSG:3979
ab_coarse_000572_r16_c16,ab_coarse_000572,16,16,0.99501449,0.300000,-1136000.000,1199000.000,-1135000.000,1200000.000,-1152000.000,1184000.000,-1120000.000,1216000.000,EPSG:3979
ab_coarse_000573_r16_c16,ab_coarse_000573,16,16,0.99642628,0.300000,-1104000.000,1199000.000,-1103000.000,1200000.000,-1120000.000,1184000.000,-1088000.000,1216000.000,EPSG:3979
ab_coarse_000574_r16_c16,ab_coarse_000574,16,16,0.94319767,0.300000,-1072000.000,1199000.000,-1071000.000,1200000.000,-1088000.000,1184000.000,-1056000.000,1216000.000,EPSG:3979
ab_coarse_000575_r16_c16,ab_coarse_000575,16,16,0.44037768,0.300000,-1040000.000,1199000.000,-1039000.000,1200000.000,-1056000.000,1184000.000,-1024000.000,1216000.000,EPSG:3979
ab_coarse_000579_r16_c16,ab_coarse_000579,16,16,0.33447424,0.300000,-912000.000,1199000.000,-911000.000,1200000.000,-928000.000,1184000.000,-896000.000,1216000.000,EPSG:3979
ab_coarse_000580_r16_c16,ab_coarse_000580,16,16,0.65184277,0.300000,-880000.000,1199000.000,-879000.000,1200000.000,-896000.000,1184000.000,-864000.000,1216000.000,EPSG:3979
ab_coarse_000584_r16_c16,ab_coarse_000584,16,16,0.81646270,0.300000,-1392000.000,1231000.000,-1391000.000,1232000.000,-1408000.000,1216000.000,-1376000.000,1248000.000,EPSG:3979
ab_coarse_000585_r16_c16,ab_coarse_000585,16,16,0.54293615,0.300000,-1360000.000,1231000.000,-1359000.000,1232000.000,-1376000.000,1216000.000,-1344000.000,1248000.000,EPSG:3979
ab_coarse_000586_r16_c16,ab_coarse_000586,16,16,0.73966116,0.300000,-1328000.000,1231000.000,-1327000.000,1232000.000,-1344000.000,1216000.000,-1312000.000,1248000.000,EPSG:3979
ab_coarse_000587_r16_c16,ab_coarse_000587,16,16,0.91110820,0.300000,-1296000.000,1231000.000,-1295000.000,1232000.000,-1312000.000,1216000.000,-1280000.000,1248000.000,EPSG:3979
ab_coarse_000588_r16_c16,ab_coarse_000588,16,16,0.34915489,0.300000,-1264000.000,1231000.000,-1263000.000,1232000.000,-1280000.000,1216000.000,-1248000.000,1248000.000,EPSG:3979
ab_coarse_000589_r16_c16,ab_coarse_000589,16,16,0.98172748,0.300000,-1232000.000,1231000.000,-1231000.000,1232000.000,-1248000.000,1216000.000,-1216000.000,1248000.000,EPSG:3979
ab_coarse_000590_r16_c16,ab_coarse_000590,16,16,0.91641438,0.300000,-1200000.000,1231000.000,-1199000.000,1232000.000,-1216000.000,1216000.000,-1184000.000,1248000.000,EPSG:3979
ab_coarse_000591_r16_c16,ab_coarse_000591,16,16,0.93258351,0.300000,-1168000.000,1231000.000,-1167000.000,1232000.000,-1184000.000,1216000.000,-1152000.000,1248000.000,EPSG:3979
ab_coarse_000592_r16_c16,ab_coarse_000592,16,16,0.99592030,0.300000,-1136000.000,1231000.000,-1135000.000,1232000.000,-1152000.000,1216000.000,-1120000.000,1248000.000,EPSG:3979
ab_coarse_000593_r16_c16,ab_coarse_000593,16,16,0.98668933,0.300000,-1104000.000,1231000.000,-1103000.000,1232000.000,-1120000.000,1216000.000,-1088000.000,1248000.000,EPSG:3979
ab_coarse_000594_r16_c16,ab_coarse_000594,16,16,0.30531082,0.300000,-1072000.000,1231000.000,-1071000.000,1232000.000,-1088000.000,1216000.000,-1056000.000,1248000.000,EPSG:3979
ab_coarse_000595_r16_c16,ab_coarse_000595,16,16,0.75427300,0.300000,-1040000.000,1231000.000,-1039000.000,1232000.000,-1056000.000,1216000.000,-1024000.000,1248000.000,EPSG:3979
ab_coarse_000596_r16_c16,ab_coarse_000596,16,16,0.43152234,0.300000,-1008000.000,1231000.000,-1007000.000,1232000.000,-1024000.000,1216000.000,-992000.000,1248000.000,EPSG:3979
ab_coarse_000598_r16_c16,ab_coarse_000598,16,16,0.49392971,0.300000,-944000.000,1231000.000,-943000.000,1232000.000,-960000.000,1216000.000,-928000.000,1248000.000,EPSG:3979
ab_coarse_000599_r16_c16,ab_coarse_000599,16,16,0.32229629,0.300000,-912000.000,1231000.000,-911000.000,1232000.000,-928000.000,1216000.000,-896000.000,1248000.000,EPSG:3979
ab_coarse_000600_r16_c16,ab_coarse_000600,16,16,0.47188535,0.300000,-880000.000,1231000.000,-879000.000,1232000.000,-896000.000,1216000.000,-864000.000,1248000.000,EPSG:3979
ab_coarse_000604_r16_c16,ab_coarse_000604,16,16,0.66386610,0.300000,-1392000.000,1263000.000,-1391000.000,1264000.000,-1408000.000,1248000.000,-1376000.000,1280000.000,EPSG:3979
ab_coarse_000605_r16_c16,ab_coarse_000605,16,16,0.65509665,0.300000,-1360000.000,1263000.000,-1359000.000,1264000.000,-1376000.000,1248000.000,-1344000.000,1280000.000,EPSG:3979
ab_coarse_000606_r16_c16,ab_coarse_000606,16,16,0.90674090,0.300000,-1328000.000,1263000.000,-1327000.000,1264000.000,-1344000.000,1248000.000,-1312000.000,1280000.000,EPSG:3979
ab_coarse_000607_r16_c16,ab_coarse_000607,16,16,0.59500015,0.300000,-1296000.000,1263000.000,-1295000.000,1264000.000,-1312000.000,1248000.000,-1280000.000,1280000.000,EPSG:3979
ab_coarse_000609_r16_c16,ab_coarse_000609,16,16,0.96951169,0.300000,-1232000.000,1263000.000,-1231000.000,1264000.000,-1248000.000,1248000.000,-1216000.000,1280000.000,EPSG:3979
ab_coarse_000610_r16_c16,ab_coarse_000610,16,16,0.96643716,0.300000,-1200000.000,1263000.000,-1199000.000,1264000.000,-1216000.000,1248000.000,-1184000.000,1280000.000,EPSG:3979
ab_coarse_000611_r16_c16,ab_coarse_000611,16,16,0.98095083,0.300000,-1168000.000,1263000.000,-1167000.000,1264000.000,-1184000.000,1248000.000,-1152000.000,1280000.000,EPSG:3979
ab_coarse_000615_r16_c16,ab_coarse_000615,16,16,0.51077300,0.300000,-1040000.000,1263000.000,-1039000.000,1264000.000,-1056000.000,1248000.000,-1024000.000,1280000.000,EPSG:3979
ab_coarse_000618_r16_c16,ab_coarse_000618,16,16,0.38536301,0.300000,-944000.000,1263000.000,-943000.000,1264000.000,-960000.000,1248000.000,-928000.000,1280000.000,EPSG:3979
ab_coarse_000620_r16_c16,ab_coarse_000620,16,16,0.30284846,0.300000,-880000.000,1263000.000,-879000.000,1264000.000,-896000.000,1248000.000,-864000.000,1280000.000,EPSG:3979
ab_coarse_000624_r16_c16,ab_coarse_000624,16,16,0.86340314,0.300000,-1360000.000,1295000.000,-1359000.000,1296000.000,-1376000.000,1280000.000,-1344000.000,1312000.000,EPSG:3979
ab_coarse_000625_r16_c16,ab_coarse_000625,16,16,0.95483440,0.300000,-1328000.000,1295000.000,-1327000.000,1296000.000,-1344000.000,1280000.000,-1312000.000,1312000.000,EPSG:3979
ab_coarse_000626_r16_c16,ab_coarse_000626,16,16,0.64864933,0.300000,-1296000.000,1295000.000,-1295000.000,1296000.000,-1312000.000,1280000.000,-1280000.000,1312000.000,EPSG:3979
ab_coarse_000627_r16_c16,ab_coarse_000627,16,16,0.50494796,0.300000,-1264000.000,1295000.000,-1263000.000,1296000.000,-1280000.000,1280000.000,-1248000.000,1312000.000,EPSG:3979
ab_coarse_000628_r16_c16,ab_coarse_000628,16,16,0.82193702,0.300000,-1232000.000,1295000.000,-1231000.000,1296000.000,-1248000.000,1280000.000,-1216000.000,1312000.000,EPSG:3979
ab_coarse_000629_r16_c16,ab_coarse_000629,16,16,0.87612885,0.300000,-1200000.000,1295000.000,-1199000.000,1296000.000,-1216000.000,1280000.000,-1184000.000,1312000.000,EPSG:3979
ab_coarse_000630_r16_c16,ab_coarse_000630,16,16,0.53977758,0.300000,-1168000.000,1295000.000,-1167000.000,1296000.000,-1184000.000,1280000.000,-1152000.000,1312000.000,EPSG:3979
ab_coarse_000639_r16_c16,ab_coarse_000639,16,16,0.57532454,0.300000,-880000.000,1295000.000,-879000.000,1296000.000,-896000.000,1280000.000,-864000.000,1312000.000,EPSG:3979
ab_coarse_000640_r16_c16,ab_coarse_000640,16,16,0.65592909,0.300000,-848000.000,1295000.000,-847000.000,1296000.000,-864000.000,1280000.000,-832000.000,1312000.000,EPSG:3979
ab_coarse_000643_r16_c16,ab_coarse_000643,16,16,0.69708097,0.300000,-1360000.000,1327000.000,-1359000.000,1328000.000,-1376000.000,1312000.000,-1344000.000,1344000.000,EPSG:3979
ab_coarse_000644_r16_c16,ab_coarse_000644,16,16,0.69293272,0.300000,-1328000.000,1327000.000,-1327000.000,1328000.000,-1344000.000,1312000.000,-1312000.000,1344000.000,EPSG:3979
ab_coarse_000645_r16_c16,ab_coarse_000645,16,16,0.49200740,0.300000,-1296000.000,1327000.000,-1295000.000,1328000.000,-1312000.000,1312000.000,-1280000.000,1344000.000,EPSG:3979
ab_coarse_000646_r16_c16,ab_coarse_000646,16,16,0.73138106,0.300000,-1264000.000,1327000.000,-1263000.000,1328000.000,-1280000.000,1312000.000,-1248000.000,1344000.000,EPSG:3979
ab_coarse_000647_r16_c16,ab_coarse_000647,16,16,0.98758274,0.300000,-1232000.000,1327000.000,-1231000.000,1328000.000,-1248000.000,1312000.000,-1216000.000,1344000.000,EPSG:3979
ab_coarse_000648_r16_c16,ab_coarse_000648,16,16,0.98430252,0.300000,-1200000.000,1327000.000,-1199000.000,1328000.000,-1216000.000,1312000.000,-1184000.000,1344000.000,EPSG:3979
ab_coarse_000649_r16_c16,ab_coarse_000649,16,16,0.45045340,0.300000,-1168000.000,1327000.000,-1167000.000,1328000.000,-1184000.000,1312000.000,-1152000.000,1344000.000,EPSG:3979
ab_coarse_000656_r16_c16,ab_coarse_000656,16,16,0.78651124,0.300000,-944000.000,1327000.000,-943000.000,1328000.000,-960000.000,1312000.000,-928000.000,1344000.000,EPSG:3979
ab_coarse_000657_r16_c16,ab_coarse_000657,16,16,0.45487636,0.300000,-912000.000,1327000.000,-911000.000,1328000.000,-928000.000,1312000.000,-896000.000,1344000.000,EPSG:3979
ab_coarse_000660_r16_c16,ab_coarse_000660,16,16,0.92569029,0.300000,-1360000.000,1359000.000,-1359000.000,1360000.000,-1376000.000,1344000.000,-1344000.000,1376000.000,EPSG:3979
ab_coarse_000661_r16_c16,ab_coarse_000661,16,16,0.98263943,0.300000,-1328000.000,1359000.000,-1327000.000,1360000.000,-1344000.000,1344000.000,-1312000.000,1376000.000,EPSG:3979
ab_coarse_000662_r16_c16,ab_coarse_000662,16,16,0.90615457,0.300000,-1296000.000,1359000.000,-1295000.000,1360000.000,-1312000.000,1344000.000,-1280000.000,1376000.000,EPSG:3979
ab_coarse_000663_r16_c16,ab_coarse_000663,16,16,0.62150776,0.300000,-1264000.000,1359000.000,-1263000.000,1360000.000,-1280000.000,1344000.000,-1248000.000,1376000.000,EPSG:3979
ab_coarse_000664_r16_c16,ab_coarse_000664,16,16,0.42541167,0.300000,-1232000.000,1359000.000,-1231000.000,1360000.000,-1248000.000,1344000.000,-1216000.000,1376000.000,EPSG:3979
ab_coarse_000665_r16_c16,ab_coarse_000665,16,16,0.84420466,0.300000,-1200000.000,1359000.000,-1199000.000,1360000.000,-1216000.000,1344000.000,-1184000.000,1376000.000,EPSG:3979
ab_coarse_000665_r17_c16,ab_coarse_000665,17,16,0.31241897,0.300000,-1200000.000,1358000.000,-1199000.000,1359000.000,-1216000.000,1344000.000,-1184000.000,1376000.000,EPSG:3979
ab_coarse_000666_r16_c16,ab_coarse_000666,16,16,0.56068599,0.300000,-1168000.000,1359000.000,-1167000.000,1360000.000,-1184000.000,1344000.000,-1152000.000,1376000.000,EPSG:3979
ab_coarse_000667_r16_c16,ab_coarse_000667,16,16,0.42467099,0.300000,-1136000.000,1359000.000,-1135000.000,1360000.000,-1152000.000,1344000.000,-1120000.000,1376000.000,EPSG:3979
ab_coarse_000674_r16_c16,ab_coarse_000674,16,16,0.58227432,0.300000,-1328000.000,1391000.000,-1327000.000,1392000.000,-1344000.000,1376000.000,-1312000.000,1408000.000,EPSG:3979
ab_coarse_000675_r16_c16,ab_coarse_000675,16,16,0.77240235,0.300000,-1296000.000,1391000.000,-1295000.000,1392000.000,-1312000.000,1376000.000,-1280000.000,1408000.000,EPSG:3979
ab_coarse_000678_r16_c16,ab_coarse_000678,16,16,0.53895307,0.300000,-1200000.000,1391000.000,-1199000.000,1392000.000,-1216000.000,1376000.000,-1184000.000,1408000.000,EPSG:3979
ab_coarse_000679_r16_c16,ab_coarse_000679,16,16,0.59877038,0.300000,-1168000.000,1391000.000,-1167000.000,1392000.000,-1184000.000,1376000.000,-1152000.000,1408000.000,EPSG:3979
ab_coarse_000680_r16_c16,ab_coarse_000680,16,16,0.60171264,0.300000,-1136000.000,1391000.000,-1135000.000,1392000.000,-1152000.000,1376000.000,-1120000.000,1408000.000,EPSG:3979
ab_coarse_000684_r16_c16,ab_coarse_000684,16,16,0.66396540,0.300000,-1328000.000,1423000.000,-1327000.000,1424000.000,-1344000.000,1408000.000,-1312000.000,1440000.000,EPSG:3979
